24
36 64
9 22
19 26
20 38
1 20
23 35
15 27
34 40
14 15
8 25
31 37
20 46
20 27
24 58
14 18
57 60
27 30
33 60
9 22
13 16
22 39
2 20
31 36
17 42
10 55
22 31
26 45
11 55
29 46
18 39
28 46
9 32
24 36
11 38
7 45
25 48
18 46
12 17
11 45
7 16
21 30
3 38
14 41
11 14
28 45
7 12
8 44
5 24
4 14
4 34
13 16
11 30
13 21
23 47
37 46
6 62
9 42
25 57
35 36
27 44
19 25
29 32
19 42
4 7
14 36
2 33
10 25
21 25
1 24
1 21
54 57
34 36
28 32
21 48
37 63
18 39
28 54
31 33
31 43
31 38
2 18
5 21
1 20
33 52
7 21
1 21
34 38
5 46
38 66
24 50
7 23
12 44
30 56
18 21
6 41
40 53
36 57
34 38
17 26
14 26
16 34
22 36
22 23
32 35
8 34
27 41
9 27
7 20
5 36
36 56
19 42
2 47
25 32
29 36
10 41
44 45
25 42
6 52
8 34
45 57
19 30
25 44
14 43
33 37
5 18
40 61
13 21
22 26
6 49
17 27
22 30
21 40
32 45
37 39
18 26
20 38
8 17
11 55
6 15
14 24
1 25
25 32
21 46
12 40
6 34
17 21
12 55
5 22
24 54
23 77
15 28
36 48
32 47
23 25
18 27
20 23
42 54
28 40
12 29
29 31
25 27
10 26
11 18
17 30
39 42
1 42
23 24
17 24
22 43
38 56
39 43
5 33
37 50
11 23
7 33
20 46
14 36
31 48
19 38
10 48
23 36
5 19
22 59
6 26
27 37
19 36
10 43
1 43
29 61
6 18
30 42
16 64
1 5
3 30
29 34
9 15
10 36
31 56
15 27
5 37
11 25
6 28
14 17
26 27
2 3
19 22
37 44
14 30
29 38
27 49
20 57
26 38
19 31
16 23
30 43
22 25
6 33
7 41
3 25
17 25
52 61
32 54
17 19
31 34
44 57
22 47
2 8
16 17
1 56
29 31
20 24
6 26
28 52
30 48
22 35
9 25
14 29
31 44
27 45
6 19
5 9
3 69
6 19
7 32
4 43
23 45
10 30
29 40
14 16
35 45
40 42
13 48
3 16
26 29
15 47
13 46
18 25
6 32
2 29
21 55
3 14
14 30
21 25
1 26
32 51
15 24
3 19
10 33
20 22
2 22
3 72
12 20
27 31
1 17
6 11
12 61
32 33
16 25
39 45
2 7
17 26
32 35
10 38
27 32
11 53
1 43
21 67
33 42
10 49
1 25
14 42
19 56
20 36
18 21
4 20
32 51
16 29
11 21
22 35
13 70
5 58
21 40
31 32
23 25
13 17
13 36
13 35
45 62
41 54
21 26
6 32
2 22
4 18
38 68
17 66
15 44
20 33
24 29
14 32
29 42
3 18
11 53
10 22
27 44
5 21
9 10
13 51
27 30
11 50
10 25
37 47
24 53
12 42
11 20
20 35
1 26
11 50
9 27
28 37
7 8
5 39
36 37
13 40
9 33
9 35
7 61
18 43
4 12
22 24
27 41
10 29
16 34
7 36
1 36
29 34
9 14
10 24
23 43
27 40
25 26
15 46
8 10
17 36
23 32
27 44
31 33
33 36
35 53
2 18
41 46
6 41
11 46
2 31
45 47
35 40
34 49
1 28
15 22
33 49
17 21
23 31
12 26
10 20
11 70
1 24
25 32
4 15
33 39
20 29
5 14
13 41
38 58
31 46
2 12
15 38
7 46
27 56
3 29
15 45
14 29
20 55
13 23
35 43
4 30
17 25
47 54
24 63
8 28
38 39
28 41
4 26
31 46
30 31
23 31
8 21
9 37
22 28
7 46
34 35
21 27
16 35
6 14
12 20
25 31
45 46
2 8
21 29
4 39
3 4
28 30
12 39
29 37
31 32
15 19
8 43
28 29
25 32
25 32
25 30
27 33
3 44
9 15
28 41
30 39
23 52
18 44
22 40
33 34
17 23
35 42
30 67
7 28
18 19
30 37
2 42
7 56
8 51
17 21
19 44
9 36
32 43
41 66
42 48
4 13
33 55
33 47
35 60
20 22
2 28
6 55
27 34
16 45
57 59
19 37
15 29
21 43
12 14
13 46
6 12
20 28
3 35
27 60
10 39
30 36
24 29
22 38
1 16
21 23
24 46
2 3
4 13
23 29
1 22
24 38
12 27
9 13
35 55
14 51
9 31
32 57
34 45
15 35
13 16
9 21
6 49
29 57
27 46
3 45
33 55
20 23
26 30
9 26
26 36
8 41
10 46
24 31
10 45
11 53
6 25
13 28
1 4
19 58
28 60
33 52
20 25
10 17
10 18
30 36
21 25
33 46
45 50
28 32
12 24
25 40
3 25
2 37
29 48
12 33
6 21
32 51
8 16
4 62
31 35
1 56
17 31
22 75
19 40
17 40
33 52
4 55
33 51
4 25
19 23
1 56
7 36
23 27
6 17
7 34
12 15
15 47
41 47
5 11
30 38
11 32
15 37
10 21
6 9
3 28
9 38
1 41
27 46
16 33
2 26
25 42
38 41
10 24
10 39
9 33
10 41
4 19
36 48
13 32
40 47
9 15
8 30
34 41
18 33
2 46
5 39
26 34
19 25
25 38
4 6
4 11
14 55
5 63
24 36
9 13
34 67
3 15
27 28
1 18
7 28
15 36
15 16
23 27
9 31
16 20
20 38
9 30
26 27
5 19
2 24
20 30
10 34
19 23
49 58
23 39
27 28
18 41
14 19
23 28
10 19
10 18
26 45
11 28
23 33
17 57
19 25
5 48
20 30
32 35
9 38
29 38
19 22
2 22
19 20
34 37
9 36
14 24
24 26
1 35
21 23
35 48
11 30
9 34
27 49
34 49
4 11
10 40
11 23
38 39
2 49
27 43
24 35
10 27
15 24
11 20
21 32
4 9
27 53
9 22
15 36
27 59
5 28
32 42
11 28
43 58
32 33
3 23
14 21
49 77
17 35
15 36
14 20
15 39
6 24
19 35
43 46
41 59
33 44
6 60
2 18
3 22
20 41
27 62
15 57
16 39
20 23
5 13
18 43
33 40
16 22
5 40
14 15
9 21
7 37
31 35
18 22
31 36
43 47
39 52
35 37
26 45
12 27
17 64
37 54
16 37
28 45
42 47
34 55
20 23
16 26
49 55
9 44
20 25
31 38
23 36
16 35
44 51
34 45
17 24
7 37
2 4
20 23
22 24
44 49
44 47
2 24
7 26
7 55
12 33
1 16
23 49
33 45
23 24
7 16
22 25
36 51
16 30
2 49
33 51
26 31
32 49
45 50
27 29
31 39
2 20
44 76
9 23
21 32
32 35
24 50
22 43
9 12
20 32
16 42
13 45
6 29
22 35
40 58
14 23
21 22
31 37
16 49
2 9
20 27
31 35
12 26
3 49
7 27
30 52
16 45
4 43
12 37
7 29
31 33
29 30
22 70
21 31
22 25
18 47
14 19
11 37
14 23
24 26
36 40
15 69
25 32
9 25
11 24
11 31
4 11
11 36
23 56
22 24
20 24
13 65
16 33
15 27
1 12
2 8
5 12
22 39
19 35
37 42
4 32
15 28
20 33
4 34
3 39
23 42
16 45
15 34
47 63
17 21
1 46
22 56
10 17
7 47
11 18
18 33
11 41
38 42
27 37
4 25
2 34
4 9
16 29
10 39
15 48
18 28
4 27
22 45
3 35
12 45
6 35
30 33
29 37
1 11
8 58
6 8
29 38
3 6
8 9
11 45
30 56
10 21
26 40
10 37
35 60
22 30
13 25
14 46
17 33
26 45
11 41
23 30
27 54
27 39
8 20
4 13
7 24
13 38
20 32
42 47
3 28
14 15
3 34
40 53
18 28
5 34
13 54
18 28
34 50
19 20
29 32
19 32
26 52
15 29
5 25
3 47
13 45
2 26
19 23
15 24
12 35
7 22
2 40
22 23
14 30
38 45
22 36
33 40
5 19
20 27
4 29
4 28
18 19
27 63
19 20
37 44
5 16
28 30
39 44
29 30
28 38
17 44
17 53
15 38
33 41
22 31
29 36
1 11
18 28
35 40
31 52
26 45
4 22
10 54
19 49
3 10
22 24
23 26
3 52
11 37
10 70
17 34
23 30
35 58
14 36
7 9
9 10
21 45
12 17
25 32
1 58
10 29
35 39
1 18
50 52
6 16
11 29
21 28
24 45
13 48
36 37
16 31
13 18
4 30
9 29
20 39
6 47
4 42
26 38
1 26
22 40
9 47
25 28
12 15
31 41
15 46
6 16
21 45
25 59
43 51
7 24
23 27
15 80
32 52
4 45
13 27
12 28
29 33
8 15
8 16
6 18
13 20
9 32
22 36
9 33
34 61
14 15
13 33
38 41
36 40
8 26
25 36
9 43
33 36
11 34
32 35
19 35
26 29
28 38
17 21
22 35
24 37
13 49
21 42
22 57
13 15
30 37
21 52
13 39
1 30
10 22
18 20
10 50
33 37
17 41
2 38
16 37
36 39
20 40
36 40
29 35
19 51
15 22
13 32
7 58
5 9
24 29
4 35
29 63
49 51
33 51
12 43
10 49
7 44
19 69
30 45
39 49
16 29
5 18
13 25
26 32
4 60
32 68
9 10
3 21
2 3
27 44
15 36
15 35
16 37
48 53
4 26
17 30
10 33
18 56
14 42
23 54
5 33
8 46
24 39
19 24
6 31
13 50
3 23
23 42
22 23
15 29
23 48
7 40
9 43
31 35
15 50
20 26
22 30
9 23
5 50
39 55
3 12
7 37
3 21
25 76
4 24
7 18
14 36
8 38
22 41
61 63
7 35
31 42
17 25
11 46
1 7
13 28
2 65
28 43
3 62
10 41
3 31
18 23
47 48
2 20
14 35
33 37
13 24
8 24
28 34
31 66
28 31
13 42
15 25
27 33
25 37
33 41
17 20
18 43
38 46
12 18
41 48
26 42
8 21
13 19
8 23
15 37
25 44
15 61
14 34
3 39
7 45
5 26
47 49
17 37
12 30
8 33
10 22
24 44
22 31
28 35
29 30
15 32
11 22
9 13
25 43
3 56
10 26
18 29
1 11
7 16
24 36
10 14
21 24
31 47
5 56
18 34
21 38
17 25
15 35
29 68
19 24
19 51
7 18
12 36
36 55
32 56
2 32
7 33
2 34
21 35
16 33
11 14
17 27
29 39
25 36
14 21
14 46
1 22
21 26
41 58
19 47
32 36
14 16
30 60
21 36
36 52
25 41
10 29
18 37
8 31
3 6
24 30
20 44
36 39
25 50
20 45
4 19
15 35
13 20
23 44
21 58
21 47
40 44
24 39
19 38
10 32
26 28
3 31
5 46
42 46
27 32
20 22
2 34
8 22
20 29
15 22
8 31
18 44
15 72
20 28
13 28
13 36
24 50
23 33
24 69
15 23
29 38
40 41
36 56
12 24
19 33
10 39
9 51
17 40
8 51
11 37
27 32
11 44
13 23
28 38
3 40
22 51
15 31
11 33
35 36
6 48
11 49
13 30
4 34
22 51
5 9
27 36
1 19
24 35
5 16
8 37
7 26
19 46
9 41
23 28
10 41
25 38
15 53
1 32
40 41
31 51
16 25
20 24
6 37
15 30
14 15
2 31
4 15
11 28
32 46
48 56
4 9
17 44
2 11
16 37
28 44
25 42
19 28
16 23
23 53
3 43
33 34
9 64
24 31
17 30
22 52
20 21
1 15
13 35
27 57
15 47
24 57
12 47
5 10
28 40
15 64
31 53
29 40
25 32
7 37
12 23
7 22
21 43
13 19
8 32
14 34
19 30
36 55
27 56
11 29
17 58
30 57
27 45
13 58
5 10
17 44
25 44
21 22
6 13
29 49
4 11
14 27
5 32
14 35
21 33
12 36
22 45
28 32
5 19
21 30
26 37
3 27
13 51
8 40
1 11
1 17
8 23
1 18
17 36
1 24
24 61
21 54
26 36
19 54
3 15
31 40
17 41
1 51
11 28
7 36
11 27
28 34
26 39
30 44
32 60
44 56
27 29
38 40
20 42
8 53
24 55
4 8
3 22
30 65
15 36
14 22
16 37
12 54
28 41
13 18
42 45
6 38
24 31
28 33
23 52
19 48
38 41
7 43
17 19
31 45
37 56
9 26
2 29
21 25
12 35
20 36
26 27
12 23
16 23
9 14
8 30
31 39
30 42
23 25
26 29
10 18
21 58
1 73
19 76
5 49
34 41
10 33
34 37
16 49
13 35
42 43
31 37
19 42
18 21
16 18
11 23
17 67
26 43
4 23
24 44
6 20
27 30
4 26
38 48
5 26
19 48
35 39
33 48
3 46
4 27
13 32
5 23
31 52
33 47
18 22
16 33
18 48
22 26
30 52
13 34
7 32
25 46
39 63
33 36
2 40
10 27
17 36
3 33
5 15
3 23
12 42
24 26
23 25
18 44
14 23
16 26
27 41
4 43
28 38
5 29
20 25
10 12
26 45
4 6
20 22
16 45
16 17
43 59
15 43
18 37
5 20
11 18
12 34
26 28
22 58
16 24
8 52
28 29
11 34
10 31
38 70
47 55
33 52
40 69
1 26
9 22
1 32
6 47
21 55
18 40
12 48
10 28
12 46
13 25
16 37
4 23
15 50
16 28
10 34
33 57
32 45
23 35
12 14
30 34
16 33
13 50
27 37
10 38
24 25
39 51
17 30
8 44
31 58
31 51
14 23
4 31
6 47
14 31
8 58
6 17
24 25
5 15
19 22
5 6
10 31
2 52
29 61
23 28
19 39
19 21
13 27
12 26
28 33
24 29
1 25
10 34
10 30
6 27
44 54
16 36
12 31
16 24
23 29
12 50
18 20
39 50
22 67
47 50
31 46
3 31
30 34
16 17
19 26
15 44
16 33
19 31
33 58
23 62
18 29
37 39
7 24
8 14
4 42
28 30
5 66
44 50
6 26
21 29
32 40
12 24
1 21
1 46
2 16
22 29
24 60
38 39
36 48
21 57
21 33
17 26
21 58
32 44
10 15
8 27
17 47
3 20
20 55
15 49
55 65
12 26
8 12
1 25
25 40
17 25
21 29
36 64
28 36
9 41
24 29
34 46
9 38
46 55
11 46
13 20
21 38
11 41
5 45
30 34
8 31
16 45
15 21
30 43
20 34
32 37
9 30
26 28
12 30
13 19
23 25
35 45
14 19
4 31
1 35
11 48
30 31
21 45
20 42
11 29
12 41
40 56
10 20
23 29
9 51
9 44
14 64
5 23
23 28
16 38
3 21
16 27
2 29
34 42
8 41
4 15
27 64
21 40
4 15
12 20
17 27
16 19
4 20
3 19
15 34
44 45
10 11
26 51
21 38
6 9
13 23
34 65
3 21
9 24
18 27
5 35
21 41
4 47
20 29
24 42
6 37
38 55
13 39
44 54
3 16
15 26
25 37
27 53
6 12
32 34
28 43
14 22
8 41
3 19
27 35
5 31
44 47
28 37
35 52
3 27
29 48
8 14
6 36
17 28
42 64
32 38
5 40
32 56
4 7
9 19
3 22
27 30
33 55
15 33
19 29
19 26
27 31
9 18
15 21
7 26
16 43
59 64
10 23
25 29
28 49
21 80
21 28
30 51
5 19
14 29
2 19
14 33
23 29
13 34
40 47
14 59
1 28
27 35
23 46
1 26
8 21
9 35
1 21
23 27
22 47
21 27
18 22
20 72
7 34
16 26
7 22
21 50
24 30
16 20
19 42
34 50
15 48
13 40
16 22
24 48
24 38
38 44
8 58
49 59
10 37
13 58
37 43
24 36
21 55
25 34
11 47
40 65
13 46
23 56
12 28
25 39
9 49
24 35
3 70
29 35
5 6
5 13
16 24
1 16
18 53
6 32
41 65
7 48
25 35
25 43
16 24
29 31
27 36
2 35
4 21
4 35
49 66
31 42
36 55
21 26
23 58
22 24
33 35
28 39
2 21
2 48
15 34
15 26
16 48
17 44
27 48
14 28
25 47
28 33
20 22
17 25
38 52
7 25
11 29
6 56
31 33
21 37
11 15
24 48
4 30
25 42
30 52
33 36
23 32
11 32
12 29
35 44
19 24
20 24
18 26
32 38
20 60
6 21
16 17
21 28
11 48
4 39
29 60
23 53
24 34
1 40
8 32
14 29
21 33
8 44
16 24
14 41
10 23
8 22
24 47
15 44
13 42
12 36
12 32
5 52
37 50
7 34
4 47
36 49
21 28
35 37
26 35
1 19
31 39
21 22
36 48
14 29
20 30
6 23
38 42
16 18
18 21
23 48
24 37
15 26
9 20
2 12
15 36
11 28
7 22
20 33
13 18
33 37
19 25
12 53
41 45
11 43
1 22
12 23
15 43
20 28
19 39
24 40
33 50
7 13
10 21
4 10
4 31
11 33
11 43
26 47
38 43
23 49
39 44
7 55
7 42
6 16
24 43
19 59
15 29
12 31
11 32
1 18
31 37
17 34
28 31
30 51
17 29
8 25
18 25
2 28
8 33
3 4
9 14
30 43
51 72
56 65
24 27
26 51
5 8
25 36
4 20
32 34
22 45
18 25
26 46
7 40
10 25
12 13
21 22
28 38
37 41
19 37
26 38
29 38
8 22
34 42
15 30
33 53
17 28
8 51
16 20
27 39
32 46
29 33
17 47
21 41
17 21
24 43
10 22
45 62
27 31
26 46
51 62
21 25
11 55
10 19
5 38
20 44
26 43
22 31
32 52
7 11
5 26
22 48
20 29
3 33
29 49
22 43
26 46
8 22
42 47
29 46
18 29
18 65
14 21
3 66
36 43
11 46
17 30
46 49
31 32
8 20
1 22
6 38
8 12
32 46
19 47
13 23
20 41
23 24
7 29
34 36
2 44
6 50
3 5
1 22
21 49
30 35
21 30
32 55
15 35
10 22
22 27
5 8
3 31
3 9
29 41
29 42
28 36
19 41
14 22
18 55
37 41
38 42
17 48
5 10
5 6
21 72
12 30
16 33
44 45
23 39
20 38
14 27
28 44
28 56
10 33
21 47
3 5
18 54
3 68
8 25
21 24
14 22
10 31
4 16
37 83
12 43
17 24
9 57
20 37
19 39
2 39
14 30
12 46
26 32
16 39
18 31
34 45
13 31
24 38
18 22
18 28
12 39
20 33
31 36
4 15
15 46
4 38
1 57
7 32
25 38
21 40
3 12
6 17
12 17
22 28
15 16
24 35
3 45
27 33
24 74
28 37
18 22
29 64
16 52
4 16
4 48
12 45
10 17
9 40
23 34
25 35
9 28
25 34
3 41
26 40
56 59
4 33
4 17
16 21
9 35
39 53
6 52
18 38
7 53
5 11
5 39
28 56
12 30
35 44
36 37
9 24
11 32
13 31
14 19
10 17
3 45
6 27
25 36
15 49
23 29
25 33
16 49
5 42
29 38
3 42
7 18
26 51
39 42
27 33
11 30
21 47
25 51
6 21
6 19
1 37
16 40
15 30
14 37
32 45
11 27
10 38
25 41
20 31
5 66
6 33
5 35
14 16
18 53
5 19
14 23
19 45
18 42
8 22
16 37
1 48
3 37
17 33
22 31
36 37
43 60
21 28
31 37
20 23
27 32
11 27
12 13
2 31
17 24
13 26
29 66
29 33
19 36
15 30
22 33
12 42
6 10
6 45
1 25
10 29
15 40
6 40
16 32
15 33
9 30
6 32
14 29
32 41
23 39
20 33
10 18
29 33
36 62
30 38
40 43
6 12
17 25
25 38
28 30
15 58
36 41
17 20
24 43
7 23
34 45
18 34
30 40
32 43
12 43
25 63
17 28
36 38
28 40
15 19
13 31
18 42
14 21
20 29
22 55
11 28
12 30
20 33
26 43
12 24
13 65
8 30
27 40
14 31
43 52
25 53
38 48
2 17
27 31
11 14
42 45
22 28
15 36
15 40
1 28
15 23
15 24
21 32
5 53
26 34
22 66
28 35
36 43
2 31
27 39
5 15
20 25
21 50
15 37
19 31
35 41
19 55
18 34
35 46
21 42
21 36
18 44
2 6
40 42
11 35
9 41
29 33
20 62
33 36
8 54
12 66
3 10
16 30
17 40
27 40
19 53
28 37
36 39
19 20
15 23
5 25
21 28
1 4
15 35
24 26
5 45
3 27
17 36
14 28
14 52
1 26
4 37
16 50
8 23
40 43
11 32
8 42
4 9
47 57
4 23
15 42
14 21
33 38
33 47
15 18
6 24
6 19
21 65
14 18
3 22
5 15
2 19
3 26
5 26
21 23
9 12
16 21
14 24
1 19
15 27
31 40
30 54
24 25
17 24
20 28
10 41
25 42
7 42
15 28
30 37
26 28
25 28
17 36
7 56
18 45
26 42
21 39
6 24
31 38
4 15
10 28
13 43
7 44
6 13
20 34
26 31
7 17
2 74
38 40
15 32
18 19
33 38
18 55
36 56
11 22
6 11
16 30
5 39
1 12
5 9
9 30
8 23
26 50
21 58
10 24
4 34
16 51
17 38
16 51
25 33
31 35
15 16
23 26
7 33
17 32
16 34
39 42
4 7
26 38
31 46
23 39
9 27
15 39
6 15
26 43
21 38
3 41
27 65
20 34
28 47
31 48
1 20
5 36
14 28
23 32
11 32
27 47
15 52
5 42
22 47
4 44
2 20
9 29
15 30
9 33
27 36
18 37
36 49
14 26
42 49
23 44
18 32
48 64
13 33
12 24
22 61
39 67
29 35
17 48
3 28
30 46
4 31
24 40
11 26
25 50
12 22
29 40
12 30
15 23
28 32
13 50
43 45
20 35
8 53
9 23
12 52
11 21
15 36
6 18
10 17
28 30
31 32
13 35
37 46
31 48
26 34
3 42
8 31
9 65
31 40
14 19
30 38
10 79
14 51
7 37
2 30
23 61
21 22
20 22
21 22
22 45
18 38
5 20
8 14
2 45
6 28
35 36
13 36
1 7
24 42
38 48
10 31
17 30
2 7
28 32
2 53
10 45
1 15
46 52
12 32
21 59
1 45
29 33
8 14
25 38
18 40
3 11
31 33
29 65
31 32
14 34
30 40
10 40
33 38
13 33
1 7
8 20
21 52
32 34
17 39
26 32
5 52
12 65
25 42
16 35
25 29
17 56
10 27
18 33
23 41
14 20
21 36
21 38
19 39
14 30
33 44
44 47
38 67
22 34
20 51
18 31
18 19
13 29
7 10
32 36
23 42
31 33
12 30
2 13
24 49
10 18
20 31
6 34
23 33
12 76
30 37
24 28
11 30
1 28
9 20
23 38
25 50
25 31
37 46
1 27
18 32
14 32
23 29
8 30
15 27
21 41
1 13
22 44
26 33
6 60
24 48
61 63
19 26
11 52
4 32
10 48
41 51
9 34
15 64
24 49
9 48
17 46
9 13
29 40
5 23
8 44
23 52
42 50
13 30
13 43
17 25
19 28
20 42
24 38
1 7
30 38
16 24
5 9
31 37
44 53
22 48
8 19
15 37
9 38
18 20
1 11
14 50
30 56
33 75
11 35
17 22
23 29
14 28
12 31
14 30
16 23
13 72
5 42
6 36
16 39
11 47
21 30
20 35
4 49
4 15
23 58
3 20
15 24
16 36
10 31
7 46
28 38
6 21
45 56
15 32
15 23
21 50
37 52
2 16
3 26
25 52
21 42
24 38
21 30
9 24
38 49
16 34
15 24
34 47
30 39
1 29
21 45
11 32
33 36
5 19
5 54
24 29
19 43
6 20
20 39
17 41
1 53
28 33
19 30
1 39
27 36
23 42
31 34
32 37
12 33
2 41
4 39
31 44
17 25
2 57
3 40
24 48
3 41
28 38
24 43
7 52
23 33
2 62
17 26
16 26
22 29
13 28
3 39
23 57
35 37
38 52
29 48
11 31
13 21
15 34
18 35
8 52
5 27
19 39
32 33
4 33
16 17
30 44
1 4
29 40
4 27
4 20
27 65
26 39
18 24
8 34
19 56
33 69
20 28
4 21
24 38
23 70
21 31
38 41
1 17
19 22
20 35
27 29
11 12
11 36
18 33
32 43
22 35
44 52
15 25
16 27
20 37
51 67
5 38
9 16
21 40
18 45
26 39
32 37
24 26
6 38
14 63
24 25
13 21
4 24
29 33
24 72
21 22
13 33
6 26
12 33
3 16
34 37
47 55
15 29
17 24
32 47
24 50
7 26
4 34
11 32
13 25
33 54
31 52
6 21
18 27
17 22
9 30
8 41
13 36
14 19
14 20
41 53
18 40
19 23
28 36
21 40
37 53
23 29
11 36
33 42
12 33
30 33
11 38
13 20
22 34
31 51
28 29
4 29
29 33
16 19
15 40
20 21
28 54
1 5
10 14
9 27
5 29
46 52
8 11
1 2
16 30
10 25
18 45
38 46
20 26
22 43
21 63
21 28
15 18
9 21
20 37
17 41
21 62
6 73
23 59
17 35
27 37
25 42
12 38
27 32
31 40
16 29
21 23
3 37
13 33
41 50
5 9
2 63
9 25
14 25
5 33
5 28
11 41
35 59
35 48
26 59
17 62
39 45
5 16
1 32
3 19
24 32
11 32
26 47
25 26
20 34
14 16
13 46
34 45
21 22
29 41
19 29
4 58
5 7
31 62
10 44
9 34
4 27
17 27
7 23
9 11
30 39
17 27
15 28
3 20
10 19
26 31
6 13
17 29
33 58
9 32
34 40
12 38
9 17
7 30
16 19
14 19
10 15
10 15
5 15
11 18
19 28
7 21
14 50
7 50
17 67
4 42
19 32
3 37
3 27
1 11
23 36
12 52
20 39
8 14
20 32
18 56
9 25
5 46
5 9
1 23
27 40
20 40
28 29
8 41
21 40
18 28
34 40
3 55
19 63
47 53
13 22
19 25
50 57
1 20
33 35
13 40
18 37
30 35
19 28
22 30
11 14
10 39
14 16
6 56
22 28
19 52
22 45
14 27
42 53
5 33
47 50
16 17
20 24
18 19
15 42
44 47
20 68
22 26
11 36
12 27
35 48
38 40
29 38
29 65
16 42
2 57
18 34
9 13
28 49
9 14
21 42
2 33
1 44
20 34
22 25
18 26
33 37
52 53
8 38
10 40
39 53
42 48
41 53
29 42
33 50
21 29
1 56
5 14
14 31
39 47
31 43
17 45
20 41
11 49
35 36
30 44
38 44
9 26
36 41
4 12
30 77
1 38
26 45
27 31
13 21
1 29
22 24
24 36
27 44
27 32
14 15
25 45
10 32
1 31
2 49
34 49
5 23
21 28
37 40
23 55
28 50
13 35
8 25
51 53
2 31
16 39
4 5
22 34
20 33
17 21
9 13
24 61
16 21
42 46
29 34
19 22
18 27
7 28
33 40
7 28
13 35
2 10
19 32
32 38
6 8
11 24
19 32
8 24
22 52
9 12
17 48
27 29
18 42
12 19
21 42
17 28
20 33
21 44
2 30
34 65
28 37
31 33
44 67
11 26
5 37
20 57
11 13
26 47
2 20
21 33
15 31
21 41
13 20
25 29
3 15
5 24
10 70
3 33
3 17
22 34
48 54
9 10
24 45
34 45
13 20
29 62
23 30
9 20
14 30
29 36
7 21
27 47
13 15
18 38
6 19
14 17
64 65
18 51
24 31
32 34
21 33
14 30
14 30
35 42
7 36
30 36
38 45
13 33
23 47
37 49
24 38
12 21
24 44
8 11
12 28
29 30
16 48
8 28
24 44
13 44
4 16
16 24
16 38
16 28
8 44
1 30
10 29
15 45
7 13
37 39
8 38
12 50
2 24
25 41
46 48
22 27
9 55
18 58
9 36
6 66
10 33
15 23
6 18
2 40
31 53
16 76
1 11
32 39
11 35
15 33
7 8
38 39
7 10
19 60
25 29
13 19
15 29
23 33
32 38
18 20
7 12
8 19
6 61
24 39
30 51
5 53
16 44
18 44
22 44
43 56
15 47
14 27
34 73
30 49
25 47
4 22
38 66
37 50
33 41
10 23
29 55
4 42
2 35
12 14
12 27
18 21
24 49
1 31
28 36
16 51
36 48
32 67
24 36
17 52
25 46
16 44
1 29
12 36
13 59
33 44
24 38
26 42
2 31
11 29
12 29
29 36
11 34
8 31
16 29
4 13
4 20
33 39
32 43
4 31
32 48
13 42
15 24
28 39
18 21
24 56
6 34
12 36
26 27
28 47
2 45
4 11
6 32
37 43
37 50
34 45
15 45
11 36
44 58
28 56
14 23
25 29
12 44
3 9
9 42
27 58
25 32
11 34
6 38
21 32
21 41
11 45
23 63
14 24
3 15
8 50
16 27
4 26
8 40
9 13
28 47
10 49
4 33
7 47
1 26
34 49
41 60
6 44
1 17
36 59
27 81
2 9
14 26
11 15
11 49
28 35
6 49
5 11
19 26
24 44
5 45
16 21
36 39
54 64
32 33
44 57
17 21
14 33
23 35
15 43
11 34
28 57
10 35
11 37
13 57
12 44
23 41
40 41
12 39
35 42
7 36
23 55
10 34
14 42
26 35
5 8
9 51
4 31
2 8
7 15
39 51
36 50
18 30
25 28
8 21
20 46
6 9
30 47
31 67
30 40
26 28
7 17
11 37
22 65
19 26
27 34
31 44
28 42
21 32
9 30
6 13
20 31
33 36
4 31
19 47
5 12
5 23
5 13
14 28
21 30
34 35
38 60
30 32
24 28
12 25
27 34
11 30
20 25
15 29
1 34
4 20
7 17
6 28
3 65
27 31
8 33
28 38
12 35
24 34
5 33
32 42
4 20
25 30
24 42
29 42
2 7
37 68
7 19
5 30
37 47
6 9
16 32
20 56
28 37
23 26
2 16
9 29
31 33
10 41
28 51
17 26
5 19
21 39
17 25
9 38
20 33
11 25
4 18
16 36
2 38
6 24
17 52
4 27
12 28
10 14
22 37
22 36
9 39
5 41
12 19
60 62
2 6
39 43
7 35
15 32
13 25
27 45
5 6
12 35
10 42
19 51
21 57
10 26
41 44
10 53
34 36
6 45
5 17
11 17
22 28
16 40
9 44
13 59
26 31
1 26
2 13
17 19
19 34
27 41
19 26
28 38
19 35
31 34
18 37
6 37
26 29
21 28
3 14
7 16
44 67
14 24
28 29
9 55
8 18
29 37
41 46
20 43
17 38
28 52
2 58
29 40
20 22
22 24
5 39
23 44
5 33
19 26
22 60
19 23
14 32
18 35
7 22
23 46
21 45
9 47
23 31
3 28
20 37
20 29
17 18
15 44
25 60
32 45
14 23
31 34
10 13
29 37
28 29
5 15
6 44
27 35
35 60
40 60
29 56
5 59
20 80
3 47
20 31
13 26
9 33
22 30
12 33
25 54
42 55
18 45
27 45
22 26
2 46
26 38
13 16
2 15
1 11
27 52
2 31
3 34
4 40
12 37
1 47
21 22
23 35
1 36
10 24
8 22
8 38
5 28
8 41
26 27
31 39
19 24
5 70
1 25
19 36
10 54
15 30
6 62
25 43
31 59
29 48
14 34
4 24
6 45
10 13
15 25
10 32
19 27
3 39
14 17
9 25
19 29
8 40
7 55
15 33
19 50
23 38
21 57
37 53
17 41
34 43
3 14
15 27
5 42
4 19
34 44
1 27
13 35
7 28
3 27
37 41
28 38
14 38
29 34
8 27
30 39
8 23
1 43
11 35
15 39
14 36
25 35
11 20
19 48
21 30
13 55
19 38
12 28
6 10
11 12
19 51
9 14
19 30
27 36
29 34
6 14
21 26
11 40
26 28
41 50
9 39
19 23
22 29
13 18
20 24
39 59
7 45
32 37
10 11
3 44
5 25
47 49
4 29
41 48
12 55
1 53
24 40
24 30
1 28
38 40
8 23
14 48
15 18
17 22
15 27
2 12
23 47
27 33
19 42
29 43
16 37
17 31
51 80
27 39
10 26
33 35
13 24
34 44
26 47
9 20
18 44
7 19
8 20
13 44
31 57
15 44
4 23
18 25
1 38
13 47
22 31
1 33
7 35
4 43
45 56
11 30
30 41
5 47
18 28
1 24
9 26
24 30
19 26
14 32
23 24
13 50
19 39
18 31
61 65
35 49
16 27
5 7
13 31
25 55
3 45
15 33
40 52
1 53
8 30
40 46
22 31
3 26
12 44
11 29
20 27
11 35
27 32
12 21
33 51
15 44
8 35
14 22
40 43
3 22
35 40
49 66
27 29
1 11
32 37
4 33
7 23
37 41
13 32
21 25
16 20
27 31
4 28
14 35
7 55
31 38
14 28
8 21
17 21
15 38
34 44
3 53
13 49
15 30
39 55
28 63
10 32
35 37
35 41
33 38
2 17
25 46
22 43
27 50
4 46
24 66
11 45
12 23
13 30
10 18
44 47
12 35
1 26
27 30
8 24
28 63
22 25
33 50
13 24
13 20
34 35
6 26
17 33
21 27
24 39
9 35
13 38
8 46
12 20
13 42
16 25
2 14
24 44
9 26
30 53
5 11
19 43
20 61
5 33
2 34
18 29
19 26
5 36
22 32
37 38
33 36
25 30
10 12
23 35
18 30
11 31
23 27
21 41
26 31
16 17
19 43
2 31
20 27
5 37
14 34
31 66
7 11
4 7
2 38
14 26
1 11
32 42
6 31
10 32
12 17
24 38
32 47
28 42
25 35
50 62
33 49
6 13
29 39
27 56
9 19
22 37
44 50
36 59
19 21
1 27
22 54
27 43
12 26
20 38
2 38
23 52
5 22
11 36
2 11
10 22
12 58
69 74
1 16
11 26
6 18
21 47
9 25
13 25
10 54
27 43
6 10
17 30
22 39
19 58
3 37
21 36
23 37
18 23
35 37
30 33
3 4
11 19
27 44
30 43
33 53
9 15
36 57
23 48
26 53
9 42
13 37
27 44
12 28
42 61
32 47
22 28
35 40
26 47
10 13
25 57
16 28
24 28
36 43
8 31
7 36
34 52
16 36
26 51
13 32
6 20
8 17
12 46
9 32
33 45
6 25
9 43
40 52
21 27
22 28
29 43
16 42
29 51
39 40
30 32
38 54
17 49
28 30
8 29
18 38
35 64
8 53
4 16
19 26
5 9
39 52
24 47
16 23
14 45
6 45
24 41
25 43
15 23
31 34
1 24
13 42
18 37
17 26
7 23
7 12
40 52
30 32
39 48
36 37
19 39
54 57
28 37
22 36
1 25
3 38
10 39
26 51
21 43
4 31
34 39
6 19
12 34
18 28
11 36
11 24
14 31
32 33
20 42
40 57
6 24
5 11
29 44
10 26
20 24
12 16
5 39
31 35
41 43
5 25
29 36
27 38
55 58
38 42
4 47
10 57
15 30
4 39
22 26
6 24
36 49
37 39
20 33
6 20
16 20
17 61
27 50
19 44
13 62
18 45
10 23
13 61
7 14
15 36
20 26
9 57
1 14
6 20
31 32
15 28
30 56
33 42
5 19
22 48
2 24
16 27
14 30
30 66
28 46
19 23
14 15
8 41
11 20
4 37
1 22
18 23
1 36
18 48
35 36
5 12
35 66
17 37
31 37
5 6
1 34
7 43
39 65
13 17
5 14
29 43
3 21
31 41
6 20
10 54
29 56
14 15
5 22
8 37
12 20
1 21
16 40
12 29
27 37
24 49
24 35
28 42
16 47
39 49
35 53
38 53
22 35
24 26
16 27
28 64
13 31
11 36
32 41
21 34
28 41
11 46
7 11
9 17
4 19
15 47
33 36
27 28
14 24
3 47
13 30
16 39
28 42
15 29
16 40
34 35
25 34
41 53
6 14
6 30
24 29
13 66
19 42
11 18
38 44
9 14
28 68
5 16
12 22
8 40
41 53
7 18
12 43
21 57
17 29
