62
7 14
24 60
32 34
22 81
10 83
45 77
40 80
23 95
13 69
12 85
9 72
9 93
69 75
6 69
43 99
13 90
70 73
20 41
1 59
62 87
6 32
1 95
22 65
74 95
23 26
25 70
28 76
25 78
39 52
61 79
14 30
58 97
13 85
12 77
1 50
87 94
62 65
74 94
6 68
23 74
1 8
60 76
69 87
75 79
59 82
35 39
3 8
87 92
32 34
19 93
14 15
34 100
61 88
30 84
71 97
44 72
35 86
55 59
4 39
81 93
48 82
59 73
14 76
81 91
2 87
5 92
58 68
40 61
80 97
64 98
9 83
87 89
32 96
29 90
8 18
2 92
9 84
8 91
10 92
20 26
16 90
43 81
19 52
32 58
3 31
17 75
8 95
81 90
1 75
33 76
20 64
21 62
87 95
15 24
37 71
11 40
64 90
40 83
16 60
28 92
84 85
59 67
66 94
20 73
16 91
26 73
81 97
15 27
1 8
75 81
64 66
28 41
76 90
22 97
3 38
6 72
23 82
75 97
83 94
82 94
7 69
9 89
82 83
1 9
9 49
59 93
12 19
67 84
48 74
63 91
4 61
11 94
17 95
62 100
83 85
1 95
6 96
57 76
24 76
9 15
68 96
24 68
78 89
82 98
10 45
7 92
78 79
5 97
1 47
14 83
1 81
16 78
8 22
2 12
87 90
29 97
63 72
15 36
17 64
68 93
1 17
22 68
79 94
81 87
14 54
87 93
61 74
62 77
9 29
78 96
67 77
28 99
9 86
69 92
45 97
87 98
61 80
30 68
24 97
80 89
25 95
70 71
85 97
2 44
11 98
61 67
56 87
32 41
77 81
3 56
14 30
13 84
9 93
9 11
92 99
35 46
20 63
3 10
3 82
7 21
79 92
97 98
6 24
58 72
8 24
26 91
2 89
49 85
76 98
4 47
4 85
17 72
94 96
6 10
28 31
26 81
76 85
32 76
21 49
7 20
84 98
57 84
87 93
67 68
4 97
50 76
23 94
14 62
68 80
87 93
12 35
60 86
9 49
77 93
55 93
27 85
4 19
1 95
23 75
24 95
3 93
37 98
64 80
47 89
7 72
10 65
35 66
15 81
19 29
17 79
82 93
1 15
17 87
47 69
16 78
6 25
54 89
25 32
14 85
5 75
47 90
61 87
21 74
89 92
1 53
2 56
87 91
12 75
35 62
39 45
63 86
23 36
7 86
88 92
8 81
6 18
72 96
4 6
3 67
77 94
56 93
14 78
18 82
59 73
15 30
80 93
49 92
72 87
20 76
34 83
11 75
63 65
80 95
90 94
91 99
55 83
8 74
10 88
42 92
55 88
8 39
8 62
47 78
49 96
11 86
9 82
22 76
6 76
63 64
37 63
18 58
44 85
1 20
88 89
82 94
5 19
6 98
25 94
13 47
82 95
35 82
4 69
10 54
30 47
90 91
66 96
85 92
3 99
27 83
55 99
63 80
6 86
75 90
44 92
34 75
23 74
15 85
2 65
6 38
38 54
38 68
77 88
6 96
80 99
71 85
33 65
2 8
80 88
8 66
30 75
61 97
20 56
73 98
21 49
31 97
76 91
27 60
28 63
83 93
82 90
3 68
79 92
36 82
32 33
1 29
69 96
84 87
92 95
15 99
85 94
1 87
15 49
5 96
70 91
86 93
30 80
53 54
44 74
1 50
10 11
59 90
29 64
56 78
66 77
72 99
80 98
79 87
8 19
2 17
60 65
11 63
58 76
3 79
43 62
10 98
30 47
55 73
66 69
48 91
19 86
1 38
55 67
8 12
87 95
63 97
90 93
11 24
56 99
24 68
45 99
43 68
77 95
93 97
83 89
5 43
32 85
86 100
27 95
78 89
29 87
22 52
7 67
22 86
85 90
67 78
26 83
32 84
1 11
7 62
11 94
5 75
26 56
17 94
37 60
42 81
48 91
55 99
12 82
19 79
53 99
10 56
81 97
29 85
83 99
35 65
80 91
3 31
9 65
5 70
7 75
11 69
29 83
13 57
8 90
16 25
2 8
18 85
31 63
3 24
80 82
26 77
55 70
18 85
12 67
1 35
60 98
5 54
46 99
6 81
3 16
17 89
2 66
8 35
4 5
54 77
90 98
18 97
6 67
29 76
57 81
32 75
9 40
42 86
11 12
19 73
70 84
47 99
1 68
20 82
24 85
20 78
89 95
27 94
50 73
14 15
25 76
44 76
83 93
10 77
24 90
15 23
8 21
8 62
57 93
35 86
89 92
19 73
51 73
83 85
9 68
28 91
4 76
33 78
31 95
3 47
75 94
18 83
59 84
51 90
5 81
26 78
8 97
3 52
2 14
16 89
48 78
38 94
7 88
67 82
17 87
6 85
67 91
36 75
21 57
4 40
22 72
38 86
4 72
40 79
5 81
14 18
16 32
6 13
10 11
13 95
85 93
31 61
63 81
45 98
70 98
2 35
26 83
9 20
69 73
1 94
79 94
44 89
2 13
76 82
55 95
42 44
14 72
7 11
83 92
11 90
10 98
21 68
53 97
60 76
1 9
46 70
13 84
50 82
3 31
27 88
14 58
84 90
27 98
44 52
3 68
19 33
75 97
19 83
12 26
32 54
67 92
6 92
66 68
19 99
11 77
3 98
16 84
5 78
89 90
51 76
11 82
85 99
24 97
19 96
21 67
1 16
16 85
27 44
3 27
48 75
10 69
61 78
46 58
13 86
16 97
10 96
4 82
2 60
33 72
30 74
5 94
33 88
8 95
68 93
75 84
26 95
25 90
11 78
44 77
30 37
11 93
10 83
50 100
85 98
9 83
51 90
58 79
68 96
67 95
29 82
3 20
27 99
3 4
30 68
70 91
25 85
9 88
91 93
78 92
1 80
30 60
13 71
6 58
2 62
85 95
9 92
56 78
7 87
75 96
49 83
71 74
66 98
4 8
67 73
15 84
2 10
82 99
12 76
25 80
16 34
42 80
82 91
9 11
4 97
8 90
17 89
10 71
58 80
22 82
93 98
83 99
66 96
5 66
19 95
86 93
81 84
10 31
74 89
9 59
16 74
3 70
14 91
9 75
72 75
4 32
27 52
38 84
86 97
16 94
75 78
28 45
28 70
32 81
12 26
21 35
69 80
69 97
9 12
18 92
32 83
43 84
17 72
63 71
31 41
42 94
12 96
54 55
44 66
76 84
10 52
17 60
14 94
81 100
33 95
76 93
87 99
59 73
43 95
14 55
77 97
28 60
57 82
35 96
89 95
69 99
43 81
18 44
36 88
89 97
24 84
75 88
4 91
5 69
8 81
14 76
27 91
14 95
69 85
18 72
74 83
60 97
21 25
29 98
34 47
21 92
6 84
31 91
52 67
32 96
10 43
23 94
52 97
11 31
4 60
30 34
83 91
52 96
3 53
45 51
1 9
80 99
51 73
60 73
1 18
3 78
50 75
7 82
4 86
43 47
1 21
2 86
3 14
56 62
5 79
35 99
14 22
10 93
8 13
57 81
75 89
85 88
43 95
7 71
33 42
6 72
2 80
75 80
9 12
67 74
83 98
96 100
4 51
6 29
45 81
8 71
19 73
80 88
66 83
3 89
8 84
71 80
20 73
53 98
2 77
56 76
13 43
14 17
15 85
22 90
6 49
2 77
67 79
7 76
13 75
58 82
13 66
74 90
2 23
33 96
4 25
65 73
15 62
15 98
10 82
5 15
70 83
25 30
65 78
80 91
11 54
1 71
18 89
85 99
77 87
19 78
81 83
67 81
76 90
27 85
9 93
18 62
8 79
6 10
10 87
60 79
7 80
5 89
51 79
1 66
45 97
8 96
9 81
1 77
8 31
5 86
4 14
90 92
58 87
12 72
65 85
70 84
18 78
8 94
70 83
67 74
75 96
14 81
49 98
92 96
36 69
5 97
49 91
18 27
70 96
62 71
92 97
66 93
2 74
28 84
25 72
44 92
86 93
70 90
91 100
55 96
7 18
11 77
92 97
58 88
21 79
1 3
5 83
14 93
61 98
43 80
67 96
2 93
78 81
3 26
38 97
74 89
60 79
2 8
8 59
28 89
75 76
92 99
14 49
73 86
47 94
1 91
28 87
57 83
16 99
49 75
93 96
74 87
88 90
21 74
71 94
1 12
46 80
83 86
81 84
15 66
11 30
18 30
10 96
57 68
3 77
24 79
90 92
10 16
47 91
82 97
50 56
4 15
25 92
8 10
86 99
15 22
76 79
1 16
38 53
59 83
80 95
64 94
30 72
4 76
72 97
50 76
5 69
5 59
20 75
15 76
94 96
28 80
9 65
18 26
23 36
56 80
18 93
23 69
63 96
4 16
78 90
69 97
20 68
83 92
55 97
75 98
79 82
1 9
82 86
64 86
7 90
23 90
11 79
90 100
38 72
11 97
9 88
18 98
77 94
4 95
66 90
6 90
71 80
5 80
85 90
26 58
63 83
55 73
3 41
17 92
11 32
7 10
9 10
6 87
14 25
20 93
83 99
17 94
19 71
73 87
15 86
39 97
2 13
12 52
8 67
68 93
21 31
7 11
66 97
19 36
11 90
79 90
67 78
18 34
25 49
65 76
6 87
1 89
17 86
1 30
12 58
3 18
79 96
31 65
20 76
25 84
66 82
72 79
86 92
10 63
22 99
39 97
48 67
35 62
41 83
5 96
52 96
12 73
51 97
13 14
3 79
6 97
38 87
18 89
6 11
19 77
19 61
38 99
37 45
35 75
63 98
19 85
63 95
90 96
84 87
12 64
1 97
23 59
42 71
7 50
15 31
11 24
14 62
24 82
8 93
13 19
86 93
48 77
77 90
77 96
11 68
6 12
78 79
47 81
10 63
26 79
14 76
7 19
79 80
11 66
47 75
13 77
70 89
2 4
45 97
33 86
22 65
8 17
3 5
6 91
9 16
57 79
70 91
65 71
22 93
52 94
9 76
33 96
53 90
13 45
7 50
16 69
52 96
82 93
86 89
22 86
30 42
8 99
22 72
29 41
55 68
73 80
4 74
2 20
71 84
1 10
59 69
44 45
61 94
83 87
54 95
5 82
39 95
55 97
26 93
3 88
62 63
28 30
94 100
91 97
13 84
6 8
30 57
20 54
22 48
1 63
59 87
10 97
15 81
5 15
85 96
83 96
39 75
27 78
82 97
11 50
85 92
73 81
5 15
12 33
67 88
38 93
7 47
54 87
5 52
18 26
16 93
90 98
25 40
48 97
83 89
14 77
85 86
36 95
47 60
4 65
12 34
5 21
29 84
68 75
1 30
28 95
1 42
70 88
18 85
5 16
57 97
87 97
5 73
4 13
25 34
22 37
80 85
39 72
42 78
11 66
79 98
19 94
12 61
9 64
11 74
19 56
15 89
75 85
41 89
68 93
3 55
29 73
48 71
90 95
17 23
2 4
71 86
7 83
8 88
19 33
2 99
29 78
11 26
43 72
3 87
79 82
1 35
4 80
83 90
79 89
3 61
61 79
11 68
52 56
60 75
44 94
25 66
19 75
9 13
18 73
67 75
3 96
80 86
90 91
69 86
2 8
87 89
20 83
60 85
15 71
15 35
18 59
71 85
15 29
4 23
7 99
61 99
62 69
6 8
1 60
80 99
8 45
22 45
22 75
88 95
87 100
37 75
73 78
83 97
40 93
1 26
6 32
52 74
8 40
13 51
65 99
8 86
19 73
79 84
9 11
8 86
4 60
56 100
11 47
12 75
65 68
30 48
12 89
32 84
36 61
55 70
25 63
63 95
48 100
74 84
95 100
16 48
4 39
45 97
45 90
68 77
2 92
21 31
1 52
10 66
44 78
2 100
86 100
7 92
27 79
39 99
4 90
13 77
87 98
58 87
5 93
5 63
4 81
70 71
91 92
20 55
85 88
9 93
11 91
25 56
90 98
53 79
1 80
72 79
82 88
1 59
9 29
8 78
40 89
30 98
69 82
7 19
78 99
41 100
18 68
83 95
1 63
80 83
23 79
45 68
54 97
36 91
21 72
17 94
57 66
77 89
21 99
85 94
50 66
37 66
70 80
50 76
97 98
51 84
38 67
57 74
57 66
37 61
31 94
86 97
36 54
82 99
73 82
51 71
3 98
73 90
48 96
18 25
7 93
70 87
8 81
4 43
3 15
33 53
2 88
6 26
6 27
18 72
43 83
41 93
79 86
11 98
67 79
2 31
11 80
12 22
1 72
82 90
77 93
1 94
41 47
79 92
33 62
54 64
73 79
37 87
32 74
25 95
47 69
1 70
7 76
31 82
62 95
26 31
18 70
44 80
84 92
16 95
3 31
11 99
3 95
88 95
7 97
14 72
10 29
15 24
6 27
83 98
6 70
2 60
57 62
47 56
3 76
5 78
11 88
1 96
34 37
8 44
2 98
87 100
10 91
5 90
1 5
81 86
27 93
28 78
1 61
70 97
43 69
41 97
93 99
29 35
40 78
44 54
14 66
4 79
21 34
18 27
2 34
7 21
73 77
5 36
26 29
10 84
25 73
84 86
51 92
59 85
87 97
24 80
67 78
53 89
46 63
45 80
90 93
68 73
1 97
37 66
55 80
31 57
74 81
4 65
62 85
18 71
14 93
3 61
19 32
27 81
13 31
45 91
12 83
36 98
10 75
7 80
25 71
2 4
7 53
7 10
72 94
2 71
5 90
8 82
91 97
11 73
30 49
13 79
2 27
64 84
50 93
11 30
20 69
1 90
11 98
3 34
65 68
51 86
12 88
13 66
21 36
81 93
25 89
10 16
70 93
51 90
19 32
20 51
16 95
37 59
14 75
49 78
44 93
57 81
18 74
42 80
68 99
89 94
3 83
17 25
14 67
73 87
19 94
10 59
93 97
76 92
38 65
14 41
1 10
18 51
55 68
43 99
12 52
81 86
16 88
5 93
4 99
52 86
2 97
23 71
35 85
11 13
12 27
10 79
97 98
61 65
79 97
34 94
53 86
1 4
56 58
19 92
76 83
95 96
3 59
43 80
35 86
54 91
64 94
56 92
40 91
82 88
70 78
3 12
29 98
18 56
11 71
75 100
51 70
7 48
15 17
82 92
18 73
10 18
2 26
79 85
83 94
11 43
22 40
82 96
29 72
25 77
21 60
22 70
20 83
67 78
10 54
78 82
41 73
38 95
26 58
47 98
12 79
22 66
21 89
32 64
55 64
17 18
17 71
57 90
6 100
88 90
27 95
15 67
5 97
14 54
36 76
10 78
27 62
16 95
7 12
14 33
10 67
25 98
2 6
14 69
3 89
53 85
71 80
4 88
58 93
22 42
74 88
5 100
1 99
80 97
34 65
3 64
26 88
64 83
7 83
13 88
65 99
71 100
91 93
3 49
42 86
1 3
15 35
82 93
15 31
22 65
43 96
53 73
2 18
71 85
19 94
93 94
4 68
2 58
1 75
60 88
59 98
91 99
1 75
43 57
39 90
2 62
74 95
68 97
98 100
40 84
7 23
61 83
4 64
68 85
11 52
3 39
31 52
27 79
70 89
5 13
5 12
51 60
7 87
88 97
53 97
81 83
49 81
4 79
72 91
8 55
52 95
64 92
13 93
9 85
54 72
89 99
80 89
76 89
51 89
44 98
7 78
22 82
61 69
9 25
10 58
69 99
73 83
54 82
77 82
87 93
52 82
41 75
58 81
11 98
5 69
42 84
50 79
37 69
63 68
6 71
52 79
66 89
67 84
85 98
11 15
21 89
47 74
4 6
1 81
2 7
19 83
3 32
7 69
42 60
18 65
21 92
7 11
20 23
56 80
25 100
47 54
17 28
12 94
29 49
7 77
5 50
1 13
68 91
45 77
30 52
1 40
2 29
15 55
88 97
76 89
78 87
7 22
13 76
11 29
11 56
11 84
89 92
54 64
33 64
12 65
17 55
30 99
3 93
26 89
48 80
67 91
74 83
46 93
7 26
71 74
72 92
3 20
79 82
9 83
10 38
19 69
51 91
4 43
5 8
60 88
5 65
35 71
16 21
23 100
27 69
3 98
4 15
77 89
87 96
1 88
93 99
65 74
16 40
18 22
94 96
51 70
18 85
72 73
12 53
22 99
1 99
33 48
5 12
23 66
72 76
70 73
15 93
9 85
13 86
9 33
33 86
28 73
13 25
37 93
96 99
3 82
57 81
13 41
7 24
78 88
12 98
2 94
38 67
26 36
12 83
82 88
78 93
50 83
4 43
91 99
9 47
66 79
69 95
16 71
5 93
4 22
86 90
65 74
85 100
5 21
9 24
37 48
73 97
57 91
13 29
75 79
18 66
1 49
55 66
65 89
9 71
13 96
38 95
25 85
20 36
55 97
12 58
66 94
95 96
6 65
7 89
5 9
11 96
88 89
17 98
2 82
15 98
48 92
67 90
73 95
14 75
20 93
1 86
6 76
38 75
67 79
5 82
56 90
5 89
11 59
23 72
16 47
69 90
20 26
75 86
62 88
9 91
12 32
5 67
4 29
62 74
44 84
81 98
69 89
4 87
85 87
25 82
4 88
48 89
10 86
12 14
78 89
20 68
73 77
14 99
85 95
72 83
24 54
41 94
48 95
19 73
91 94
14 96
7 88
94 97
86 93
36 68
13 83
59 82
73 81
75 93
41 72
36 89
92 96
23 59
67 73
87 94
1 88
3 9
85 94
1 82
54 78
13 77
1 91
66 73
65 70
35 57
85 90
14 95
57 75
21 61
5 80
10 47
83 95
75 79
9 29
3 18
16 88
9 54
18 78
62 81
42 53
5 34
57 94
30 70
4 70
70 95
15 75
8 34
5 22
96 97
56 83
11 69
76 95
57 70
84 98
83 94
36 99
57 58
63 80
39 68
9 62
12 18
29 98
61 80
16 23
69 76
25 81
85 88
2 70
7 84
21 39
19 90
3 96
11 94
52 70
79 96
6 95
18 22
2 78
85 86
68 69
15 76
65 84
42 67
13 19
2 10
11 66
15 94
3 8
3 15
16 19
22 50
13 98
5 88
11 79
24 52
8 21
13 97
48 87
73 91
11 54
68 97
48 83
21 92
68 83
84 85
30 65
13 64
60 91
28 64
19 93
26 93
72 88
3 57
15 28
75 92
73 90
55 80
51 82
30 97
74 75
31 34
6 51
13 92
16 88
8 42
5 6
6 37
78 98
51 52
47 58
13 99
11 24
78 97
16 91
23 86
21 98
87 95
87 97
9 97
9 65
85 99
70 94
11 52
4 16
14 87
13 77
17 22
10 18
76 91
60 99
31 84
10 61
49 93
13 60
8 70
29 81
6 84
1 4
93 95
81 96
33 83
48 63
64 72
58 63
3 37
15 16
66 89
5 88
14 99
26 58
10 31
2 39
26 94
11 78
34 70
12 71
20 21
14 77
36 77
7 25
70 72
66 80
2 76
4 9
73 86
30 96
20 53
20 86
37 82
9 81
7 99
65 90
13 99
73 90
85 89
84 97
17 81
69 74
57 89
79 95
72 86
8 76
3 55
36 79
65 86
1 14
52 58
5 93
9 98
9 75
21 59
2 58
69 85
1 94
11 14
21 65
5 16
13 99
71 90
66 71
48 95
76 95
14 15
65 96
12 98
8 66
7 93
67 90
3 99
6 82
1 65
44 46
51 63
9 15
32 89
38 84
77 78
5 80
7 21
63 81
13 96
23 63
22 37
79 80
7 72
30 32
66 88
68 85
81 93
22 74
12 31
7 67
4 78
82 89
67 73
45 87
9 97
69 86
22 23
70 91
85 89
27 80
7 100
23 74
57 92
35 48
63 94
66 96
11 91
77 84
1 79
10 54
49 98
66 71
55 79
38 88
66 86
42 76
33 43
62 66
56 77
21 65
14 59
34 86
13 38
18 75
2 60
83 92
40 87
56 81
4 11
4 93
14 24
4 89
15 79
14 21
65 82
15 86
45 88
58 66
21 83
14 61
8 29
70 82
1 73
77 82
41 86
41 99
56 87
17 86
66 88
77 94
13 16
83 97
1 94
10 24
85 95
72 96
1 62
4 87
49 57
97 98
13 41
26 75
9 81
2 20
9 94
62 91
23 76
41 62
9 87
72 97
56 91
11 68
33 85
13 35
20 56
46 62
15 79
20 84
4 30
44 77
69 75
64 97
48 56
13 61
26 78
92 98
3 53
67 72
40 80
76 100
82 86
21 93
46 64
17 86
12 96
76 95
87 100
4 56
64 96
86 88
85 89
21 91
75 81
26 38
85 99
27 84
26 62
8 89
25 83
8 80
9 82
50 94
29 48
24 84
4 76
6 57
63 69
22 92
59 100
20 91
1 28
19 63
94 96
15 100
44 93
37 83
1 51
8 48
13 72
59 77
88 92
71 92
46 65
82 89
12 16
15 44
18 79
61 75
70 92
11 29
3 94
6 42
9 61
79 80
36 98
60 69
59 87
27 73
57 63
58 70
9 44
26 80
79 82
43 81
2 14
74 97
21 22
80 82
24 38
27 89
20 61
66 73
3 22
18 37
2 75
16 95
16 71
24 40
22 91
3 25
18 100
17 97
69 75
10 79
14 66
15 18
5 54
60 72
6 49
33 80
48 88
67 71
22 98
26 83
41 92
16 76
49 88
43 63
3 90
87 96
67 86
80 98
21 35
1 66
28 84
47 81
7 81
17 61
61 81
22 84
4 45
18 69
16 96
1 71
31 69
83 96
20 74
3 86
33 61
88 99
28 83
75 79
3 98
61 73
56 62
4 57
87 91
6 96
7 12
24 81
24 68
78 80
39 63
54 81
10 70
1 42
1 19
18 97
7 91
1 91
34 83
20 53
18 39
26 89
80 97
25 93
50 78
39 58
1 25
72 100
53 69
23 68
75 83
12 18
1 91
26 90
67 96
12 79
69 85
57 93
2 81
3 12
19 30
92 99
18 86
67 71
8 70
59 86
18 35
30 38
4 84
10 77
88 92
54 79
78 87
93 96
60 100
8 46
57 96
29 83
3 17
70 78
51 57
21 95
34 81
82 90
12 68
29 64
46 89
43 63
3 23
33 86
31 90
75 85
34 97
6 9
92 98
78 83
79 94
27 73
28 87
92 97
16 65
31 95
62 82
77 91
2 81
32 82
74 85
64 82
11 20
4 90
63 69
1 49
5 14
68 73
15 26
17 66
20 87
85 96
4 21
2 60
21 74
62 64
24 62
43 62
21 78
32 96
65 89
51 62
83 90
14 63
32 61
2 85
45 70
12 90
9 65
7 24
6 58
45 81
85 92
10 15
7 99
2 93
48 82
5 92
6 63
2 51
14 18
18 78
12 93
47 80
2 79
16 71
6 73
22 91
29 97
85 89
8 62
12 85
14 16
52 53
72 95
3 86
12 50
83 84
44 99
24 77
46 81
2 98
13 74
18 19
13 17
24 100
18 88
23 92
93 98
8 34
1 25
68 93
85 92
36 70
39 68
30 96
10 86
1 73
7 64
63 68
68 80
87 96
22 99
75 81
19 61
38 74
1 30
32 89
7 91
42 83
31 47
5 20
8 84
93 99
11 36
90 93
66 80
31 66
83 89
16 43
40 78
68 77
13 97
72 95
46 90
47 49
82 83
5 76
79 91
39 72
14 66
60 77
14 88
5 84
50 71
1 62
40 76
73 98
33 56
79 82
77 93
27 54
17 89
60 98
58 100
53 90
11 56
66 98
24 56
3 7
1 22
47 82
32 89
3 88
35 66
15 28
37 84
24 75
3 89
48 50
14 45
51 92
23 97
7 18
9 74
13 15
11 21
69 76
8 21
88 90
1 90
46 94
69 98
12 98
81 89
1 71
2 55
29 77
3 28
6 42
18 83
44 94
7 79
49 84
72 100
31 75
83 91
5 52
37 82
17 34
65 77
38 40
77 90
62 86
6 71
5 37
90 93
13 44
90 96
4 6
40 78
17 25
9 88
84 92
16 59
16 77
66 70
71 84
57 90
49 55
7 81
40 53
76 79
77 98
4 63
5 7
5 76
6 23
26 60
68 78
64 88
85 92
29 94
5 85
40 92
2 77
29 93
79 95
1 58
11 85
44 89
92 98
80 89
17 77
36 79
91 97
51 89
70 79
31 59
61 100
24 74
78 100
75 86
51 86
81 92
11 26
12 88
62 95
98 99
2 41
12 83
68 99
19 94
29 89
36 90
2 90
1 53
10 70
67 69
72 83
12 66
47 86
3 19
70 71
69 72
7 34
78 85
2 60
14 91
28 98
25 59
8 93
48 57
52 60
7 90
5 21
83 93
1 83
44 98
44 66
30 41
29 79
62 75
8 82
43 59
4 59
42 57
24 62
17 86
61 83
64 86
6 90
80 99
17 33
2 91
5 88
4 26
3 11
15 100
5 12
41 68
65 93
26 69
6 79
89 90
81 90
29 32
15 94
63 88
27 94
85 98
85 95
78 80
1 2
12 87
83 90
10 90
17 89
19 36
66 75
32 99
4 52
58 96
29 61
7 99
75 99
77 98
50 69
72 89
4 93
75 97
4 93
22 100
24 40
68 87
8 36
20 53
11 86
1 90
65 84
37 83
73 85
11 78
61 83
21 70
4 27
31 43
3 96
27 95
95 97
6 8
61 89
48 72
16 52
2 84
62 69
4 71
63 99
3 83
20 81
78 93
21 77
13 83
43 52
80 94
12 16
10 74
8 73
23 87
15 46
56 90
22 23
7 87
29 83
31 34
5 73
11 49
29 96
16 69
50 83
13 61
62 88
44 70
40 96
64 90
25 87
10 31
85 96
92 98
2 72
16 30
26 83
82 97
40 61
54 63
1 95
52 79
10 92
12 39
61 97
75 91
30 36
8 91
2 87
45 91
6 11
94 98
15 83
22 44
37 78
80 100
33 45
52 83
44 69
9 15
77 84
88 92
48 84
68 94
5 35
57 82
56 87
9 24
81 93
1 16
15 89
46 99
52 86
41 99
14 18
5 97
70 83
1 88
10 45
49 82
53 93
4 49
52 88
1 80
20 88
11 70
33 68
84 87
80 98
31 97
27 90
31 37
68 72
61 87
7 77
64 79
2 80
81 83
1 89
62 68
20 57
16 95
77 87
4 96
2 3
84 96
82 98
8 14
83 90
2 90
28 93
3 100
25 28
82 89
21 77
81 88
18 93
13 77
38 78
21 58
62 93
8 10
66 83
13 96
70 100
82 90
3 93
74 86
72 97
21 40
82 95
53 80
63 68
14 35
22 24
4 45
72 93
91 99
11 86
4 24
51 100
32 100
3 39
2 13
86 97
19 70
4 19
80 91
21 94
27 69
72 98
41 77
1 77
10 75
1 41
32 72
13 27
8 84
73 99
74 87
56 80
35 89
68 77
6 93
34 83
10 91
8 20
61 92
8 12
8 24
40 52
49 99
6 47
4 57
94 97
11 76
7 74
23 66
1 36
54 92
3 87
55 85
16 55
48 84
53 92
40 90
34 77
59 75
31 89
16 65
69 75
28 55
68 74
18 88
38 92
50 99
15 100
11 28
4 13
67 91
59 62
71 76
13 81
3 84
11 79
66 84
38 75
35 93
4 82
4 93
68 90
19 77
7 33
36 97
83 88
3 20
15 72
60 83
19 93
32 61
35 95
9 88
88 99
56 92
1 96
87 92
7 93
20 56
43 91
61 90
11 75
8 75
13 87
29 58
75 85
7 9
6 77
33 95
88 100
13 26
88 98
31 88
39 84
52 83
14 39
34 79
68 84
60 99
91 92
62 90
20 97
10 77
71 76
9 74
81 92
8 43
1 86
9 94
33 77
64 72
63 86
67 86
9 22
49 69
59 72
7 18
33 51
45 51
23 59
51 71
52 67
17 35
4 57
20 68
50 85
17 82
31 40
22 78
10 87
68 79
3 64
1 77
10 69
39 54
60 89
12 98
67 72
42 50
41 58
43 98
13 69
39 47
5 20
57 60
93 97
5 74
6 15
3 95
6 72
67 100
24 60
1 5
3 57
78 93
14 32
35 73
5 14
2 5
60 91
83 97
77 92
17 94
87 99
83 85
78 94
29 73
73 76
4 95
13 87
74 94
14 53
15 85
94 100
92 96
64 89
10 88
3 79
54 89
53 99
39 90
9 94
48 75
38 86
10 38
9 13
53 88
6 56
74 85
23 77
12 57
20 99
9 95
19 97
78 94
16 81
2 46
57 98
27 33
4 78
11 90
12 32
16 64
75 82
97 98
19 95
3 92
10 85
54 78
93 100
28 88
70 86
73 80
16 86
24 67
60 79
2 25
16 75
73 91
24 93
60 89
2 32
81 95
3 50
10 62
1 55
58 64
93 95
3 56
17 57
85 88
44 46
9 29
51 65
4 45
72 89
63 84
11 93
7 33
59 94
55 95
63 67
76 86
82 90
36 68
33 80
33 74
5 50
5 73
7 74
20 73
7 75
32 75
83 97
33 93
8 51
4 92
7 87
84 93
72 91
45 75
81 99
75 95
50 99
1 35
46 89
10 82
10 17
16 19
31 90
38 45
65 81
3 34
65 70
33 54
1 72
15 81
25 53
35 92
3 25
93 96
61 67
87 99
44 96
38 97
20 29
94 100
82 92
9 79
30 95
62 77
38 78
7 73
87 89
72 82
65 89
70 97
13 18
71 77
17 62
84 86
8 40
44 98
12 25
38 67
27 72
2 46
18 86
49 65
61 67
57 66
19 68
54 58
33 39
9 85
78 96
73 88
26 100
15 71
5 63
85 94
19 46
4 86
5 80
34 89
3 81
5 89
67 69
16 96
11 87
57 75
53 83
10 63
72 89
20 64
71 96
58 89
60 90
33 84
34 99
12 89
4 91
18 76
11 82
25 56
3 80
71 92
1 4
67 76
7 56
52 57
16 47
59 79
31 96
21 96
57 76
2 95
21 33
71 90
3 5
59 83
69 78
17 62
14 91
35 46
19 76
45 97
5 13
14 24
20 66
2 72
14 67
23 96
45 87
35 98
34 81
37 93
67 77
5 10
36 78
88 90
84 86
7 98
73 83
46 85
51 82
1 7
23 75
20 91
13 87
4 67
8 59
50 70
5 81
3 9
1 50
2 81
8 20
91 96
63 80
13 24
9 11
12 75
17 71
71 89
8 60
81 85
21 76
6 95
57 94
53 82
9 32
62 73
9 66
48 73
7 79
36 66
37 62
14 77
21 31
8 34
37 90
11 51
86 95
35 38
91 95
63 87
17 98
19 82
56 71
12 96
13 24
73 94
3 5
88 92
5 27
81 82
2 10
46 85
2 13
76 94
16 75
26 99
4 90
67 69
2 82
49 91
83 84
14 76
7 20
21 49
38 94
67 74
55 65
39 88
86 94
3 99
14 36
16 93
16 82
85 95
18 49
68 78
75 83
10 93
1 53
50 54
84 98
16 17
84 86
6 54
33 43
70 73
38 83
49 83
16 66
22 82
73 95
83 94
2 82
83 87
4 12
42 84
33 82
38 50
55 96
9 84
72 92
28 41
56 84
16 33
49 80
75 95
3 12
67 92
30 87
80 85
84 87
71 77
10 20
74 91
5 83
10 90
19 87
14 89
35 92
17 74
87 89
83 91
57 88
72 93
11 99
35 84
66 69
25 40
17 23
30 97
12 17
28 47
67 73
81 98
26 73
85 96
57 95
10 30
60 73
14 67
4 35
5 28
32 64
13 26
14 81
41 86
54 74
85 90
2 80
22 74
10 66
2 12
12 80
6 16
81 93
2 87
22 69
7 68
78 86
77 94
6 68
12 26
81 88
22 25
8 27
8 97
4 90
25 58
70 74
23 25
10 97
2 50
18 97
90 93
70 94
32 76
36 48
87 94
36 71
66 91
79 86
89 94
62 87
34 87
4 12
37 61
52 71
4 73
6 80
82 96
7 11
73 98
68 85
57 91
77 93
13 72
6 100
52 93
92 96
73 92
15 62
81 88
48 83
10 79
20 64
50 78
8 16
2 37
3 24
44 87
79 94
17 72
59 99
8 16
28 37
6 80
18 79
5 67
23 54
52 76
6 70
2 95
24 27
6 94
9 94
62 87
48 86
46 98
26 80
13 37
1 97
51 72
86 98
12 82
79 84
3 83
87 88
69 99
10 89
22 87
16 30
7 18
3 73
23 28
21 56
78 98
44 61
6 10
82 97
10 99
6 43
34 98
79 87
13 80
84 92
14 92
69 85
62 95
21 54
52 77
19 47
88 91
59 68
68 79
83 94
5 75
11 66
24 57
91 97
69 89
10 52
88 93
57 96
22 63
85 89
40 61
95 98
85 100
16 84
25 85
49 91
60 90
18 87
54 96
28 70
85 98
17 73
31 98
79 89
66 86
19 80
1 68
2 98
87 95
1 53
28 81
75 80
33 34
67 71
84 90
31 87
89 99
7 92
30 86
9 34
58 99
1 14
94 97
16 63
54 93
17 48
89 94
14 46
5 35
12 85
7 20
1 28
32 84
9 11
12 68
59 74
10 11
49 92
7 48
31 52
30 93
39 68
21 82
1 82
5 83
57 71
1 100
33 78
4 57
8 83
52 93
32 71
72 82
75 99
69 97
85 98
26 57
96 97
83 85
11 57
53 93
3 86
29 84
61 83
23 82
69 83
59 63
5 75
49 88
12 90
26 56
51 64
87 99
10 32
21 23
79 91
77 78
26 97
10 73
3 73
23 58
1 85
78 97
8 76
43 69
52 67
68 76
39 77
17 75
41 84
21 27
86 87
61 81
65 95
2 57
75 82
75 88
90 100
11 47
72 89
1 82
71 89
2 33
8 77
8 82
14 81
9 44
21 22
31 91
18 92
63 84
48 80
1 24
84 90
86 88
68 98
41 67
92 99
60 96
64 80
55 67
13 89
20 29
11 33
4 23
3 91
38 97
2 79
32 51
75 99
85 87
2 81
83 96
85 95
16 29
4 27
75 85
47 91
26 80
35 90
6 92
27 94
21 26
75 88
47 59
73 95
14 44
44 55
12 17
13 99
4 18
25 96
20 89
69 92
13 98
51 65
64 98
57 61
8 68
13 70
6 91
87 95
58 94
26 86
6 24
74 92
35 74
6 26
77 80
45 94
1 84
41 99
71 93
20 76
2 81
15 76
84 98
39 94
2 92
70 77
70 88
22 71
8 73
12 74
15 26
13 96
10 86
40 98
19 83
54 69
14 91
9 86
58 100
55 87
51 63
18 94
90 94
16 94
12 80
23 68
6 55
8 92
19 97
45 46
15 93
67 97
8 68
3 62
87 95
78 99
9 97
2 88
5 94
91 92
22 29
66 75
36 58
16 88
73 82
15 98
86 96
60 95
19 72
1 69
38 80
19 49
13 83
72 79
16 77
4 12
6 88
16 99
77 96
31 40
81 91
3 93
51 71
10 85
57 60
18 82
20 96
4 87
63 93
70 91
29 93
28 76
60 63
46 89
56 92
35 82
8 15
8 83
56 82
51 78
36 62
28 44
18 19
18 39
35 97
34 89
85 90
62 91
62 88
13 63
63 86
70 84
11 100
17 26
50 81
78 95
59 72
19 40
6 78
29 64
20 82
15 29
88 92
43 93
81 93
6 50
19 27
2 85
65 75
78 88
86 96
75 89
5 77
3 92
38 76
23 80
85 93
53 80
1 51
1 31
74 96
8 12
13 46
17 83
9 83
24 72
3 64
20 88
46 64
2 22
76 83
26 88
2 4
66 70
12 31
44 95
72 75
51 53
76 79
78 79
92 99
45 67
12 51
76 89
49 84
14 80
72 82
21 84
52 59
6 65
63 85
6 78
51 83
83 98
87 94
15 88
60 83
4 24
90 94
5 93
15 82
19 66
18 36
27 79
7 57
15 39
2 98
14 98
9 10
53 83
11 80
16 64
31 96
61 72
46 89
5 57
4 70
71 84
22 94
50 72
60 76
14 69
11 91
78 86
91 99
87 89
11 69
12 92
58 68
68 87
13 80
75 89
