22 24
6 13
18 78
13 32
8 39
31 32
7 43
19 37
59 77
47 67
31 78
13 22
2 6
7 29
22 74
13 54
7 55
26 30
37 44
24 48
8 15
36 54
24 31
4 29
18 25
40 66
2 9
20 30
5 10
12 39
9 25
19 21
8 11
13 67
17 32
27 97
23 29
35 98
20 34
20 25
40 48
6 14
43 44
11 16
29 50
20 83
24 50
47 64
22 54
5 23
5 48
14 48
17 53
42 61
3 52
53 60
12 88
18 22
11 61
15 26
1 38
24 36
2 23
41 50
1 27
11 27
1 23
16 63
7 27
16 48
15 32
24 49
44 64
33 54
33 35
33 48
27 39
7 31
19 22
47 98
10 20
13 30
21 86
8 12
34 41
24 67
21 85
6 29
1 20
63 77
5 87
6 28
56 59
5 6
13 68
1 26
8 10
14 46
27 29
20 36
3 4
7 47
9 10
1 39
7 19
16 27
19 22
45 48
2 3
32 35
9 20
3 24
20 66
10 49
56 67
7 68
4 32
31 50
7 15
3 5
20 27
16 68
5 28
2 20
5 31
18 28
9 40
10 15
29 61
8 31
28 55
8 22
11 45
15 21
5 74
23 56
1 31
19 45
31 54
3 6
4 16
45 46
4 32
6 22
16 81
61 98
41 44
31 72
4 9
15 32
11 38
15 26
41 84
19 31
4 21
30 50
24 55
14 29
6 14
3 11
22 24
28 37
27 42
12 13
22 51
35 45
10 28
23 46
8 44
31 75
15 24
16 22
18 29
13 56
8 24
17 31
38 39
18 72
19 65
15 24
7 85
15 40
21 28
3 33
14 16
20 36
54 70
23 24
10 51
11 58
20 65
5 9
36 87
4 57
10 40
12 28
4 57
8 22
44 57
23 51
29 68
4 16
7 40
27 33
15 32
17 43
3 4
26 29
31 49
16 20
18 34
18 35
14 47
48 82
62 68
16 54
7 36
19 21
1 54
40 71
2 13
2 18
39 77
9 18
23 39
29 57
1 8
35 82
44 100
3 25
10 26
1 46
16 20
14 36
5 14
4 50
9 18
26 64
19 53
9 32
5 36
2 47
22 29
19 66
10 21
27 52
38 43
18 32
19 24
28 41
22 40
10 75
19 33
13 45
6 46
16 42
22 38
25 82
2 36
31 87
20 49
37 41
31 35
20 48
14 42
9 19
26 33
13 36
18 32
16 73
4 29
30 47
15 20
39 68
1 10
1 15
26 30
1 17
25 60
1 52
43 56
49 70
5 14
1 49
15 18
11 57
37 66
15 78
17 68
43 45
1 45
4 35
31 72
16 34
32 48
25 66
17 35
42 57
21 30
28 35
17 19
28 35
14 34
1 19
26 90
7 16
14 19
43 87
9 23
23 37
14 58
12 22
3 15
36 66
28 29
4 10
15 32
16 25
4 76
26 38
15 81
9 46
33 53
26 28
39 41
8 48
8 34
35 40
31 35
16 53
6 13
16 62
4 22
15 43
2 8
18 52
1 8
12 17
10 12
22 27
16 18
5 11
3 54
6 39
23 31
9 60
6 56
3 14
15 40
21 27
22 46
5 42
11 36
10 36
30 51
16 30
14 70
21 40
20 34
1 22
14 66
71 72
3 26
15 33
23 47
1 10
2 12
56 73
4 8
24 57
51 72
9 60
1 23
28 38
2 7
8 9
12 23
25 73
43 51
8 48
40 64
35 36
7 16
11 14
14 30
18 38
37 62
31 53
19 45
4 34
13 19
9 30
12 35
18 27
11 43
49 51
12 62
8 18
7 55
18 27
28 38
9 35
30 79
10 24
15 36
30 58
8 30
1 17
7 13
49 71
4 15
21 49
23 44
13 14
56 65
19 21
33 67
44 57
30 47
13 22
2 26
10 41
31 35
10 15
13 50
11 80
22 25
7 36
48 72
11 29
24 66
4 8
9 39
31 33
2 8
34 66
42 47
3 25
18 23
6 33
24 30
3 25
50 60
3 30
16 21
11 13
8 32
27 68
17 32
9 45
27 35
17 23
15 64
6 13
1 6
13 69
54 74
23 24
9 41
5 43
43 46
38 89
8 28
20 44
12 40
23 45
16 22
6 62
42 78
38 70
14 23
1 9
2 14
4 15
18 54
27 32
5 24
14 74
18 28
21 34
16 31
9 45
4 11
8 24
16 21
25 53
29 33
53 57
12 20
2 61
18 33
38 50
48 78
11 57
13 27
25 38
15 20
7 51
5 16
45 60
10 43
