66
12 68
10 57
22 73
15 83
62 65
82 83
64 88
10 80
27 81
85 93
20 93
76 96
7 94
15 16
30 91
9 96
8 80
97 99
13 18
7 98
3 98
95 97
17 74
78 86
79 94
16 74
82 87
26 97
3 99
27 99
75 81
31 78
12 98
42 96
2 6
15 93
72 73
13 83
75 83
5 25
90 95
32 72
3 81
76 84
3 93
78 86
9 75
16 46
86 94
7 100
39 95
21 74
24 99
23 99
4 69
1 21
11 83
20 89
5 66
11 25
46 96
95 98
18 81
18 74
6 13
59 71
77 84
2 25
2 11
22 96
18 21
52 100
30 43
13 36
12 16
71 89
6 20
94 95
3 8
17 39
6 100
82 99
47 99
39 87
1 16
76 82
77 84
81 94
42 91
5 78
60 93
68 98
25 85
53 67
6 26
16 91
22 70
8 97
6 24
60 94
3 91
62 95
24 99
2 27
1 2
6 57
83 84
4 63
55 75
36 77
9 31
1 93
12 80
38 82
71 87
75 88
4 12
77 93
76 93
28 93
87 88
69 97
76 80
1 79
24 99
2 89
2 98
16 91
87 97
48 89
7 8
80 100
2 71
21 83
16 95
21 89
66 92
7 88
83 98
7 75
10 15
9 54
71 87
87 97
67 68
73 77
2 10
90 96
56 95
12 67
93 96
70 96
2 91
76 94
91 92
94 96
20 89
14 67
17 79
29 83
74 95
1 19
9 74
75 85
1 7
46 82
89 96
10 100
82 90
69 84
64 100
62 72
24 100
3 66
88 94
73 94
57 80
1 93
66 86
28 92
5 73
40 60
48 97
6 40
79 92
52 71
3 74
15 69
30 85
50 71
24 83
1 79
47 98
89 100
20 88
79 96
7 50
76 91
6 17
56 82
76 82
20 97
5 44
1 40
7 70
68 80
12 24
70 82
12 97
62 89
73 99
26 82
13 80
78 98
1 87
14 42
7 13
88 98
8 92
20 78
88 94
28 90
29 87
16 36
68 99
84 89
4 89
2 83
18 96
78 99
44 92
24 94
33 87
1 63
4 79
3 74
2 81
4 8
69 83
7 77
19 22
8 16
19 82
6 77
31 83
5 8
2 72
17 59
82 93
20 23
11 90
27 69
45 70
15 95
49 65
84 95
78 79
90 96
56 75
14 88
3 98
77 80
2 81
73 85
30 98
86 92
45 85
10 22
41 86
17 79
8 87
6 12
83 87
23 74
38 61
21 87
6 93
59 75
2 59
87 98
18 89
11 84
4 62
19 99
79 88
18 27
8 21
94 96
18 35
13 97
89 97
4 29
4 5
91 92
7 77
21 94
6 10
53 80
13 89
7 50
84 98
10 85
29 81
18 44
16 96
54 98
71 83
2 70
7 98
20 65
9 98
59 83
69 75
46 97
11 99
19 86
25 67
28 84
9 86
20 82
10 85
10 28
3 95
14 96
2 81
83 95
22 74
60 98
1 60
14 80
13 57
8 82
73 91
77 88
90 94
97 99
8 21
26 77
80 90
83 95
4 92
6 15
6 40
23 77
6 9
56 78
74 98
11 84
24 98
57 86
92 95
40 94
19 80
20 86
13 90
7 10
75 88
94 96
8 94
6 77
79 94
3 17
5 10
18 86
66 74
11 74
1 79
8 97
72 83
29 86
7 83
8 86
2 21
1 13
22 96
56 88
90 97
28 87
39 86
14 41
7 90
86 93
68 81
42 91
4 16
33 40
95 99
8 75
3 87
17 81
15 79
17 30
18 22
79 87
30 84
81 97
3 66
80 90
8 90
14 82
1 69
5 19
82 86
3 44
1 87
29 90
9 92
3 77
15 41
3 74
4 67
17 73
59 97
65 73
4 96
5 84
53 72
11 25
2 6
3 95
6 14
1 81
13 91
90 98
31 88
97 98
17 82
82 93
95 98
16 82
9 76
11 99
9 90
4 90
10 18
23 66
28 83
51 72
20 78
93 98
3 68
74 85
5 71
8 59
11 22
74 93
83 86
58 88
26 39
5 22
10 13
13 23
8 96
5 81
12 83
82 83
2 22
85 96
1 87
93 96
10 97
25 98
23 64
60 76
10 24
96 97
9 61
66 96
77 93
89 90
5 96
6 83
55 87
17 92
4 84
63 89
7 95
26 74
4 84
8 97
10 53
64 66
5 81
84 87
26 99
72 85
50 96
5 20
48 94
8 77
18 73
65 84
59 73
11 73
27 83
95 99
73 90
97 98
15 81
29 77
