59
85 92
5 71
4 92
62 75
62 84
87 97
36 48
5 74
52 70
20 58
28 41
66 95
1 57
6 98
56 88
13 47
2 36
13 14
19 74
5 34
71 78
39 50
1 6
2 56
13 65
53 77
17 78
79 99
11 72
73 92
57 73
37 56
80 82
86 90
4 84
36 87
61 91
17 74
13 70
19 73
6 76
78 89
75 89
31 92
69 93
51 69
22 63
6 81
47 76
92 96
44 87
86 91
27 48
33 87
30 62
21 75
18 31
20 58
36 77
25 51
6 74
68 73
65 74
7 70
50 53
41 72
28 82
75 91
53 80
17 86
36 90
28 96
57 73
25 73
17 81
43 51
25 39
57 76
15 54
48 71
28 57
37 76
45 56
10 47
22 62
72 83
53 97
3 59
19 66
43 90
24 79
19 74
84 86
4 86
1 86
27 41
70 71
32 54
69 70
47 91
64 92
16 28
35 61
39 55
66 78
11 63
3 57
89 95
64 95
37 40
2 77
59 83
61 87
61 70
33 44
42 45
15 64
70 95
5 84
25 42
19 79
63 79
69 93
20 78
57 80
25 98
70 77
34 82
30 80
49 54
59 74
71 72
30 44
49 81
14 55
3 74
20 81
3 49
30 57
39 94
13 42
3 92
21 35
28 94
24 79
64 100
27 83
28 56
38 92
13 69
55 86
41 49
21 83
45 97
19 82
13 71
60 83
20 60
2 81
26 94
73 80
16 87
67 71
5 15
87 95
58 64
79 88
63 95
56 88
37 96
68 88
28 81
59 65
62 63
58 96
56 90
11 13
52 93
51 65
3 12
43 82
35 69
64 70
56 61
8 54
35 63
58 84
20 67
23 92
18 26
10 82
39 87
39 94
26 68
16 87
34 71
16 45
47 87
20 90
71 97
35 90
63 66
4 39
14 62
52 88
43 86
41 61
5 84
24 40
15 84
56 90
15 71
15 74
76 83
18 73
76 78
1 99
87 88
1 75
19 24
1 77
42 98
85 91
10 88
81 98
76 77
81 94
5 31
51 58
6 65
15 76
56 57
66 94
18 83
19 81
16 19
2 21
50 87
41 54
16 61
16 56
78 96
6 72
18 76
3 90
16 56
43 76
58 60
52 58
75 87
76 86
61 63
68 76
67 97
35 39
34 57
67 85
28 64
39 68
40 79
73 88
12 77
65 80
63 75
1 15
53 60
48 63
30 50
13 68
15 63
22 36
29 76
73 84
67 69
9 52
56 100
61 67
55 91
71 93
2 60
1 27
69 83
47 84
1 66
76 87
2 81
9 55
4 68
73 74
23 31
38 58
33 83
39 68
18 72
74 93
32 50
22 95
8 49
3 14
21 29
30 96
64 97
15 67
2 75
55 60
12 23
10 46
60 95
55 58
36 70
20 63
44 72
62 81
43 63
5 68
29 39
34 51
31 64
44 79
46 74
2 55
4 51
20 88
31 41
44 79
28 51
8 63
72 81
47 80
4 27
66 75
42 91
76 78
69 77
25 74
16 72
49 93
53 80
31 53
12 51
5 37
1 27
6 42
41 67
38 73
7 96
51 86
17 54
32 46
49 99
17 21
71 78
4 56
83 95
15 63
47 90
70 97
6 93
74 89
84 100
13 47
82 90
18 82
11 74
5 51
6 58
12 89
26 71
75 82
65 68
60 67
53 63
2 77
36 76
18 86
71 73
28 88
17 97
49 71
2 70
1 2
56 87
25 99
34 41
31 51
88 96
70 81
9 57
27 63
56 67
2 84
43 83
2 68
49 94
53 74
40 62
7 80
69 89
24 33
43 80
20 42
47 74
36 94
27 57
78 86
60 82
46 64
79 95
10 24
58 63
68 78
23 92
12 33
23 70
4 79
40 66
44 98
48 90
12 89
25 53
3 86
70 95
6 88
33 94
72 81
35 89
62 69
11 17
15 93
22 67
30 38
71 93
56 85
7 46
67 94
78 91
48 53
17 19
1 67
50 70
2 57
17 46
32 43
18 42
50 91
19 33
55 88
5 23
26 94
6 87
38 59
4 39
61 65
5 64
3 89
18 78
48 94
28 29
56 97
16 50
26 72
28 70
9 93
11 99
8 69
8 82
1 44
58 80
70 80
1 45
84 90
21 47
54 100
73 84
48 50
75 94
32 37
65 73
21 93
58 95
68 85
31 99
66 85
5 66
12 96
73 90
68 95
84 90
74 87
23 71
2 36
2 52
14 40
7 67
9 17
59 81
70 77
15 60
45 72
25 82
32 83
61 73
81 89
15 43
75 92
1 8
72 74
19 90
69 74
8 91
71 81
37 93
43 50
6 80
19 97
16 78
28 74
6 99
44 58
38 90
39 74
53 73
16 87
82 87
47 66
64 88
29 49
54 59
62 75
13 75
69 92
38 43
22 66
51 76
92 94
24 46
30 82
7 64
36 77
6 89
63 65
71 76
5 6
89 91
80 83
82 86
7 70
98 99
66 97
25 81
13 59
31 92
18 69
41 97
54 73
27 82
59 84
38 54
7 75
70 81
41 67
1 76
16 80
7 61
32 77
26 28
49 85
42 80
10 43
47 68
16 76
13 95
63 78
13 41
29 70
57 58
86 93
30 74
65 70
31 48
52 68
56 74
7 78
40 43
50 84
31 59
35 49
81 94
19 71
41 83
57 64
22 35
20 76
43 81
26 88
1 85
60 70
1 78
9 56
4 67
37 91
36 79
4 27
30 31
70 83
25 68
74 97
30 63
2 36
77 85
62 86
4 80
19 57
10 69
53 67
12 74
17 24
33 78
37 59
71 94
92 93
68 85
27 58
29 59
46 52
25 88
24 40
76 91
41 96
18 78
19 45
43 68
33 84
9 84
30 64
83 90
33 77
62 68
18 74
30 66
7 63
37 74
23 34
35 83
29 97
14 51
5 73
58 80
5 57
62 69
14 59
11 42
52 72
66 67
9 83
1 13
56 58
2 28
56 94
32 67
48 64
2 77
81 98
23 95
2 69
50 55
66 79
5 60
83 89
49 56
39 74
57 63
41 76
2 37
11 54
4 80
51 97
52 54
79 85
24 57
74 77
19 68
21 83
59 92
72 98
10 52
70 71
54 86
26 72
13 81
83 85
50 94
21 81
82 91
52 91
37 46
11 26
46 95
50 82
2 56
33 89
70 71
2 96
25 76
6 99
4 30
40 63
9 75
60 97
3 63
34 100
77 83
31 60
27 76
58 72
15 44
66 70
75 80
42 59
1 6
14 100
42 78
53 54
86 92
40 74
27 78
1 49
5 68
51 70
71 78
75 97
22 57
73 75
75 99
32 72
30 40
47 48
47 81
19 88
28 85
35 65
4 89
28 30
36 65
28 93
2 21
1 50
36 46
3 78
16 19
15 82
30 52
41 59
70 84
18 90
5 59
3 63
48 72
85 97
34 75
16 69
16 83
57 59
49 79
77 88
52 71
56 79
7 63
36 38
75 91
84 87
69 90
59 69
91 93
8 64
65 71
17 68
38 77
66 67
41 76
57 70
18 26
50 92
58 82
10 71
76 91
56 72
45 63
40 95
62 65
53 85
77 79
17 89
79 85
60 77
5 67
5 62
2 79
51 61
59 78
55 86
83 85
55 98
25 30
61 95
32 37
27 98
12 57
27 47
77 87
43 76
45 57
52 61
62 77
63 89
24 73
72 90
74 91
59 63
2 69
6 65
12 26
13 79
57 61
10 47
60 79
54 98
1 92
25 88
53 59
48 93
23 66
59 98
10 32
10 19
43 65
49 89
8 97
11 69
15 59
76 88
12 96
35 36
77 82
29 50
34 85
58 88
17 80
95 96
87 88
4 79
44 49
2 76
62 83
11 99
21 71
65 80
3 48
47 74
61 78
22 38
7 99
7 72
61 83
12 17
35 86
74 88
50 62
50 83
74 80
1 26
12 93
48 90
43 60
8 90
29 72
34 83
30 97
10 38
64 86
2 12
24 78
9 38
78 82
4 81
21 24
18 31
1 85
62 89
22 61
2 6
74 90
92 99
29 52
64 91
7 15
11 50
30 33
25 71
55 62
50 72
36 76
33 48
33 98
62 65
60 67
52 81
72 85
55 95
4 58
27 66
47 74
26 79
45 87
76 82
58 99
52 59
59 76
52 56
57 87
39 48
11 32
24 74
5 63
24 74
56 95
34 66
14 80
62 96
45 68
25 87
51 85
30 56
45 82
10 81
46 93
11 57
61 86
69 92
78 91
15 69
6 92
77 92
6 43
2 78
8 55
14 42
1 10
21 61
47 68
17 45
59 68
15 94
73 96
12 20
16 62
39 66
75 79
60 73
60 89
21 60
20 78
8 20
56 70
18 37
22 63
74 81
80 87
46 65
54 95
71 92
58 99
26 67
6 69
5 94
76 81
60 84
66 74
44 90
35 56
1 76
6 22
16 71
8 57
43 52
1 50
13 55
51 76
1 59
48 64
44 83
60 89
48 56
60 83
60 83
12 93
3 75
85 93
19 97
10 42
85 87
23 94
1 61
66 75
28 98
14 38
79 98
38 57
27 59
19 65
57 84
47 62
58 89
50 86
74 82
21 56
66 72
50 66
90 91
16 21
10 67
81 95
48 55
40 90
7 57
67 85
1 46
9 41
32 60
62 86
72 97
33 85
6 82
48 60
40 84
85 99
39 93
73 98
60 63
26 94
2 22
18 89
45 96
74 76
78 89
72 82
41 96
82 91
7 67
20 34
72 95
19 64
2 91
12 72
40 73
9 13
56 89
36 76
48 66
17 87
43 45
27 76
58 63
48 90
44 81
13 21
50 83
37 95
7 36
48 64
21 75
15 27
33 87
12 25
9 91
77 92
62 91
68 92
56 95
59 80
47 89
10 70
53 92
9 56
72 80
56 80
60 74
83 93
61 94
54 83
19 78
53 88
56 84
49 77
75 77
9 95
87 89
42 44
6 70
21 84
7 48
4 64
65 73
36 44
21 82
42 81
23 98
1 64
44 71
53 89
14 69
69 97
14 62
84 96
54 85
90 94
35 36
70 91
75 100
47 58
33 54
82 85
33 91
9 12
75 88
54 79
55 59
7 60
15 78
86 90
2 40
77 92
59 93
46 60
43 58
53 98
4 93
13 30
6 97
41 71
91 99
52 62
28 69
10 73
21 71
87 96
8 28
37 85
60 74
47 80
52 75
71 97
57 98
64 75
35 84
26 92
34 60
3 81
30 54
60 77
68 89
27 52
20 65
8 10
6 38
27 94
64 81
71 75
31 87
31 58
81 99
4 73
2 16
20 77
7 86
10 27
37 61
58 63
1 77
54 80
31 74
82 91
66 83
7 97
26 67
64 80
41 65
87 94
36 99
42 88
14 73
89 92
28 59
3 77
37 53
77 90
14 64
17 90
1 12
59 82
92 100
17 55
40 49
61 77
5 88
9 20
35 97
24 99
38 61
3 32
6 40
13 85
36 98
5 48
14 59
15 48
27 77
49 59
3 98
5 79
15 74
21 56
73 81
80 95
9 63
17 18
1 69
63 68
36 54
27 69
1 74
43 71
24 86
12 42
10 78
61 93
32 81
62 96
48 69
34 58
32 76
34 60
66 98
7 23
3 70
66 72
62 100
8 83
56 75
9 80
74 89
11 60
7 20
49 78
36 57
19 24
55 86
35 93
36 88
36 55
55 91
28 62
6 7
64 95
27 78
35 76
75 95
6 70
31 76
16 66
69 80
13 44
69 75
69 84
48 97
18 92
57 76
9 34
45 64
10 76
44 59
51 71
67 74
2 61
24 50
7 38
80 81
83 97
4 51
73 89
56 92
60 97
66 89
66 76
11 65
41 48
13 45
37 70
69 80
65 85
47 93
62 87
51 72
39 63
23 55
45 50
16 75
59 61
19 24
33 37
45 98
56 89
6 67
60 95
41 97
20 74
28 66
79 90
62 71
56 93
23 74
31 52
56 57
32 70
71 81
82 86
23 26
29 97
71 83
40 59
4 79
59 99
55 91
20 58
33 64
58 77
49 98
66 68
2 65
21 63
44 72
7 58
22 31
23 29
19 73
7 86
67 94
70 83
72 85
9 64
15 70
31 84
77 96
51 82
29 75
70 93
13 67
48 66
7 62
26 63
66 75
39 58
8 40
72 85
23 52
22 97
27 71
50 66
68 94
11 52
7 49
54 76
4 77
33 37
17 62
65 91
12 52
42 47
36 79
52 73
69 82
10 53
29 36
64 66
49 77
36 76
38 78
2 93
1 65
5 81
77 89
56 88
10 50
9 47
18 55
12 80
31 86
5 74
24 38
46 90
61 68
66 81
37 74
31 94
20 57
7 67
37 80
58 88
55 61
26 70
48 86
38 59
8 32
13 97
76 85
63 88
55 79
45 82
55 64
67 70
21 68
69 89
62 82
11 44
47 63
52 76
10 89
43 51
35 63
40 95
56 77
45 87
66 71
20 61
2 22
56 88
8 78
44 58
31 34
29 63
37 89
73 86
8 25
66 76
82 84
55 94
1 81
14 15
41 75
5 54
29 84
68 96
6 73
58 78
60 73
11 100
84 90
1 99
55 100
53 71
63 86
1 49
41 79
58 77
11 48
27 45
8 12
50 69
61 99
5 71
54 66
85 100
42 53
51 94
23 81
12 47
24 94
33 40
9 52
40 82
21 92
23 70
25 91
39 74
6 26
67 80
43 51
5 73
69 85
12 87
69 98
6 30
10 59
70 82
3 81
34 69
3 76
20 24
12 67
65 83
4 85
31 62
4 71
40 66
37 52
76 88
26 32
27 62
10 74
78 84
24 40
45 63
72 94
77 81
9 50
34 58
37 65
54 62
32 65
77 82
2 89
61 85
7 36
81 86
5 89
27 66
66 80
60 92
22 93
43 48
87 100
74 92
8 39
12 37
6 40
95 97
85 98
20 96
86 97
50 77
1 91
27 50
41 56
63 71
15 56
23 100
4 92
5 54
56 89
71 88
63 75
42 43
18 99
58 78
2 63
6 52
43 59
55 83
40 72
1 78
90 94
73 86
15 22
53 100
72 87
70 93
11 90
67 72
71 98
47 52
17 87
31 75
55 96
9 10
5 52
51 89
28 92
79 82
52 98
57 85
15 20
66 72
54 100
2 7
64 97
1 94
5 60
2 28
25 77
3 80
75 93
15 55
33 92
47 93
1 11
66 74
61 80
4 57
74 78
39 46
19 39
36 66
55 98
45 76
51 65
14 48
19 74
68 80
3 70
14 60
2 22
5 48
26 70
86 88
6 36
48 95
1 87
92 96
75 77
16 56
47 65
6 84
53 91
71 76
1 35
67 100
19 65
5 96
21 81
83 98
33 86
3 82
66 89
8 57
59 93
26 78
14 19
41 88
74 86
51 85
65 92
3 59
7 81
9 44
68 96
74 82
43 65
34 44
25 59
19 85
58 81
25 39
50 58
31 49
16 52
43 82
3 48
25 94
29 80
33 39
17 77
11 70
56 98
47 48
50 54
55 60
38 76
28 60
26 48
16 76
44 59
14 83
33 76
14 74
22 55
50 53
5 76
25 45
25 34
8 100
73 99
16 81
17 82
28 54
14 78
3 91
37 98
32 79
6 39
79 81
56 61
8 23
32 59
80 96
3 78
45 66
75 80
34 65
17 78
45 69
14 70
27 98
62 78
72 87
17 76
9 78
8 65
28 39
50 89
75 94
26 72
42 68
42 54
55 58
34 94
70 82
55 79
15 25
6 30
59 60
27 92
73 94
59 100
11 44
19 59
8 98
45 76
14 80
8 59
85 98
15 89
24 76
16 48
95 98
91 95
7 59
55 80
88 90
33 72
61 71
15 95
4 7
22 51
16 96
15 92
68 88
12 28
74 76
52 58
75 82
72 82
68 69
79 87
12 99
6 84
15 72
53 70
40 58
1 76
13 23
68 96
10 19
62 79
11 56
36 77
42 52
69 75
12 47
11 64
55 57
4 79
52 85
4 31
55 60
63 74
13 44
16 81
29 39
41 45
75 77
6 39
9 65
46 57
42 68
54 88
67 77
53 86
33 46
58 85
46 63
8 69
19 39
55 100
35 48
48 50
14 87
29 64
17 44
62 71
57 81
18 62
31 67
34 44
63 73
59 95
67 88
18 25
9 92
29 88
13 87
54 63
65 77
69 76
19 64
30 92
8 94
12 17
75 81
35 46
80 84
22 23
81 99
53 76
57 87
1 63
26 63
14 69
78 88
32 46
24 84
78 84
48 70
60 78
55 98
46 97
78 90
17 65
34 51
83 88
83 91
28 79
1 35
5 77
47 85
6 82
34 80
17 68
29 35
78 87
42 82
53 92
45 76
71 99
57 77
36 92
30 36
50 74
21 92
31 38
65 97
57 60
21 88
77 87
28 97
24 50
45 65
48 74
22 78
50 61
20 42
28 71
20 93
62 70
1 9
61 93
3 66
34 38
56 96
11 99
46 59
61 89
59 90
17 74
74 76
11 89
31 68
41 81
25 59
33 37
12 31
26 30
55 91
66 87
81 97
19 75
61 82
78 84
54 94
64 78
34 90
51 84
12 93
68 96
49 79
12 67
30 78
13 73
54 71
29 87
2 17
5 21
32 59
90 98
1 2
2 7
54 70
43 99
54 61
72 86
12 38
41 64
42 70
60 62
34 68
24 59
3 31
5 38
67 84
5 75
36 71
3 19
3 39
4 47
26 61
43 81
22 75
73 80
10 14
41 60
88 100
19 62
26 93
13 66
41 43
78 91
18 90
67 68
28 81
13 58
18 60
14 76
49 92
55 79
72 86
5 9
15 58
1 43
60 79
15 51
12 18
37 87
81 96
55 86
24 92
46 56
64 80
74 78
44 69
28 79
49 82
31 65
57 90
13 16
76 98
26 69
81 96
14 93
44 67
54 57
53 80
20 70
41 45
62 63
1 90
37 68
1 99
44 72
13 14
24 36
25 76
8 81
57 89
49 74
56 87
20 64
71 82
38 41
7 88
21 49
12 36
36 83
77 82
2 45
53 84
1 57
68 85
1 38
83 86
1 68
73 77
16 45
31 54
62 65
9 64
75 85
5 54
7 33
21 31
9 29
5 16
94 98
30 79
55 68
50 59
11 23
35 79
44 57
35 59
53 74
67 96
11 81
85 93
6 55
65 99
20 68
9 16
53 92
5 100
30 75
29 79
69 84
31 91
28 33
15 28
42 56
2 50
3 89
65 67
51 66
57 86
24 73
69 71
50 90
73 85
82 90
2 18
1 89
2 63
4 99
5 7
27 70
67 86
44 51
44 88
41 86
9 34
3 63
8 56
37 95
47 85
7 25
47 81
80 82
48 71
57 64
66 89
76 93
54 87
8 30
25 37
52 84
1 52
78 91
12 29
23 74
31 84
8 70
28 44
23 46
55 82
32 41
22 72
25 89
24 68
11 86
7 45
11 66
19 53
53 66
10 61
10 81
8 21
53 78
50 60
6 30
83 86
56 75
44 73
27 65
33 53
73 74
73 94
49 53
25 84
60 78
49 51
16 38
65 71
73 83
60 84
76 94
55 58
69 88
17 94
28 44
83 85
34 64
69 80
9 40
15 31
50 88
8 59
67 75
64 75
56 82
10 30
76 79
50 88
32 93
77 93
2 60
69 91
5 46
65 74
10 44
36 76
18 55
81 93
24 73
59 94
51 56
83 86
49 78
28 63
39 98
22 74
38 49
16 90
9 50
10 66
6 77
14 56
63 99
9 89
42 68
37 50
11 82
25 28
39 78
42 84
58 77
7 47
31 94
37 99
45 66
47 95
42 45
12 82
44 60
1 82
59 77
55 90
43 74
29 99
71 81
45 89
67 77
35 78
67 78
24 35
53 96
11 79
16 53
9 98
49 59
71 75
37 55
4 79
58 99
70 82
57 98
50 75
8 87
38 63
43 64
48 97
37 88
75 85
62 78
80 96
2 85
3 24
71 81
32 45
88 98
61 91
54 72
17 86
54 85
46 87
31 68
34 69
57 62
39 48
63 67
27 54
46 85
21 57
24 37
9 87
65 75
53 81
57 79
14 97
22 69
31 89
36 87
38 62
56 58
89 97
30 62
13 56
67 73
75 81
2 59
38 67
56 94
82 87
11 23
37 70
8 70
65 89
67 91
10 87
12 13
11 22
7 20
34 48
59 80
22 23
51 89
72 75
13 16
12 64
14 84
71 82
58 89
57 60
42 70
4 99
37 94
25 83
40 83
7 45
63 79
65 73
6 47
39 56
23 85
56 99
32 72
13 87
8 85
57 74
21 97
16 20
68 69
15 37
32 79
68 69
23 28
6 63
51 80
67 68
32 78
87 92
69 77
76 94
75 88
7 90
3 54
73 89
28 100
48 78
12 62
55 72
50 94
28 66
12 51
28 87
7 74
11 94
11 22
25 67
5 69
72 76
25 93
26 50
4 45
5 11
62 80
87 98
43 74
44 77
70 85
14 44
58 100
27 62
59 99
51 87
26 32
60 64
4 17
24 55
10 14
14 83
40 45
50 59
14 88
1 64
4 68
2 75
41 88
64 78
66 86
40 90
90 91
1 86
15 76
42 67
35 66
52 69
15 51
62 63
21 60
64 75
94 97
74 94
65 68
21 85
48 82
55 72
9 13
50 80
69 80
39 58
19 77
47 83
7 87
1 86
14 75
46 73
85 96
59 83
12 66
6 9
49 61
36 99
56 65
32 83
81 97
10 34
12 95
38 64
65 89
12 50
41 97
64 94
58 94
38 66
31 73
12 43
74 88
34 44
69 73
1 42
56 81
28 86
30 75
5 51
38 75
29 97
61 77
52 55
44 84
61 78
57 80
33 75
26 27
1 47
67 80
21 80
54 75
44 52
24 26
32 86
25 35
50 68
37 53
33 85
7 67
1 15
70 71
58 66
39 61
8 47
62 81
42 76
60 83
56 61
2 18
30 40
37 95
57 76
17 18
19 81
53 95
65 75
37 77
2 91
89 95
17 30
35 69
82 91
8 67
55 95
80 81
20 74
73 82
11 75
72 93
72 95
57 80
36 77
47 48
32 62
68 91
44 81
13 97
26 58
83 87
53 69
29 35
11 37
3 23
9 30
70 75
54 71
85 89
82 91
53 59
36 61
46 86
65 73
59 63
23 84
3 81
7 78
35 81
59 85
40 77
12 55
30 63
8 76
11 60
46 69
56 66
15 17
62 97
43 58
73 91
62 85
81 84
2 18
71 96
60 65
2 74
63 99
23 44
1 87
22 93
32 65
34 53
49 84
64 76
3 41
11 74
53 97
5 67
23 75
61 66
18 75
74 87
41 79
75 78
79 81
49 63
43 81
33 67
4 38
63 69
50 93
7 44
77 96
58 73
15 23
1 95
77 81
14 97
87 95
57 96
65 67
5 30
33 56
85 100
72 75
40 85
59 95
2 81
46 51
35 100
5 57
53 85
75 93
12 75
69 83
69 75
2 47
39 91
29 56
4 58
49 66
13 81
1 13
14 34
57 60
82 85
60 98
37 99
75 89
77 86
63 64
20 62
12 63
73 79
75 97
39 83
20 26
71 80
31 79
16 70
74 83
32 63
48 70
56 85
93 97
55 63
48 93
40 93
2 29
31 75
9 67
8 14
23 24
4 91
5 94
5 95
23 89
45 58
41 92
87 88
24 61
20 90
26 85
80 88
11 48
28 73
58 64
66 78
60 91
1 27
65 96
81 88
55 72
1 38
68 84
62 80
87 89
3 32
7 77
27 88
6 42
28 47
15 71
66 79
44 82
46 68
44 60
19 88
50 69
34 80
44 59
30 56
39 58
14 51
35 64
61 94
10 39
5 42
7 49
12 40
75 91
35 52
23 65
66 74
91 94
5 72
89 95
38 78
16 55
75 90
43 76
52 74
51 63
26 50
58 60
86 94
4 72
21 71
33 39
67 95
12 65
10 75
33 67
76 98
64 90
6 74
40 83
1 30
69 70
71 74
2 62
62 64
60 77
45 95
59 83
49 89
8 61
40 60
56 66
58 74
59 77
50 87
52 76
43 73
28 41
66 73
12 19
17 66
42 64
20 37
61 88
37 56
38 86
24 78
11 57
55 64
65 95
66 78
33 48
82 86
28 68
20 74
44 90
55 79
29 85
10 73
22 41
27 59
10 56
14 82
4 60
94 97
56 79
27 48
16 84
7 14
53 78
34 60
9 68
17 98
55 81
17 93
31 75
65 82
18 82
4 6
6 72
23 68
8 10
1 64
31 48
18 75
11 80
6 36
46 61
35 61
17 91
67 73
71 98
32 51
8 16
60 74
3 58
15 20
42 77
92 93
22 89
39 90
65 76
63 99
13 58
55 63
29 95
43 46
32 78
58 72
16 57
8 58
55 66
28 93
12 77
3 70
73 76
16 89
62 75
8 33
65 82
38 57
2 47
9 31
82 96
28 82
16 94
19 52
3 90
47 67
19 39
17 80
31 71
68 71
37 82
18 43
56 79
88 89
57 85
68 73
64 77
41 68
90 92
20 81
48 74
9 88
51 76
18 75
46 81
34 72
58 92
3 87
7 42
40 90
14 87
8 96
77 84
50 51
47 78
58 79
56 97
44 76
42 88
83 98
13 63
81 86
63 68
44 65
5 73
77 78
56 83
58 66
54 94
5 85
18 50
32 49
28 29
1 56
12 81
27 45
53 67
47 77
21 72
75 79
30 94
23 68
7 47
4 22
24 79
51 55
79 99
75 78
78 91
64 77
11 96
79 96
60 79
11 54
3 91
61 71
18 87
13 65
66 69
69 77
77 78
19 68
1 62
31 55
29 40
5 57
64 100
65 95
11 87
3 43
20 85
5 12
21 70
15 65
59 97
72 73
14 81
56 73
33 74
1 22
78 84
43 84
47 81
26 86
52 59
32 93
4 85
29 31
41 61
8 86
53 82
86 88
53 58
1 33
75 79
9 51
35 45
7 54
64 93
53 63
37 71
70 93
78 84
12 70
51 82
40 59
8 63
70 92
74 78
7 51
4 91
84 96
44 71
1 30
47 78
22 47
13 48
15 63
81 94
74 76
21 35
85 90
2 22
2 9
2 30
49 99
68 79
8 63
32 73
55 68
3 58
42 75
14 98
39 98
6 54
80 82
76 80
49 70
46 66
3 9
56 77
44 45
74 78
14 40
12 57
54 71
59 89
53 77
85 99
74 89
30 96
65 82
27 73
47 89
15 73
39 99
94 99
45 90
45 72
37 60
28 81
73 76
1 61
2 87
13 90
40 91
64 88
42 90
8 18
48 49
73 96
4 65
6 74
65 75
65 78
78 96
50 64
21 73
65 81
3 60
48 79
39 97
22 91
13 100
83 98
28 44
74 82
4 51
54 70
8 73
22 49
55 61
14 66
23 33
15 42
31 74
57 81
10 90
81 98
4 43
3 12
61 83
43 82
82 93
6 14
56 74
63 98
73 95
6 74
29 86
61 97
16 40
6 71
59 94
56 97
8 83
69 86
86 93
89 95
61 64
59 82
44 70
1 68
10 50
13 68
62 79
48 81
81 85
1 18
4 48
61 94
49 98
26 55
14 15
13 53
7 42
17 51
28 81
48 59
67 79
60 75
28 89
74 80
43 91
34 61
4 66
67 73
72 90
33 82
70 77
60 93
45 60
8 88
86 90
10 57
3 75
37 49
6 95
39 54
21 27
80 87
4 74
60 84
25 70
30 100
36 74
30 90
35 72
31 71
8 52
86 95
85 90
59 69
22 65
13 82
55 57
43 74
21 56
71 82
78 81
3 95
1 61
7 32
30 59
11 41
79 88
18 66
18 84
59 99
11 34
70 89
80 86
60 67
22 73
55 74
15 57
47 99
70 71
6 54
72 94
69 97
29 30
33 98
42 55
83 90
42 61
15 53
8 53
26 86
53 84
3 26
78 88
36 53
76 95
40 76
38 79
65 74
28 92
74 90
23 50
32 89
66 80
36 56
55 99
41 60
16 80
34 90
14 96
25 51
58 92
17 97
73 95
7 54
22 87
58 83
17 91
7 36
20 39
31 42
35 42
38 82
72 88
44 81
8 38
19 73
8 16
53 82
5 57
25 53
8 64
32 74
27 39
37 63
47 68
18 45
23 83
48 98
41 42
51 98
11 46
1 98
57 80
42 79
40 48
28 98
4 52
57 78
5 8
39 94
75 79
27 39
84 99
51 61
40 87
35 75
53 97
11 42
43 65
57 85
56 69
33 68
71 99
43 60
2 91
57 86
82 84
22 83
73 84
12 87
36 92
27 68
29 56
44 99
8 79
10 25
2 80
40 87
8 61
70 91
1 13
89 96
8 92
51 83
75 83
78 89
46 92
8 62
28 72
16 37
35 51
70 95
66 92
31 67
40 57
8 100
17 32
16 34
2 91
10 86
1 53
86 92
65 78
32 65
69 97
56 77
35 78
19 78
15 73
12 28
18 77
25 45
30 74
13 14
80 91
39 96
57 84
52 57
67 83
38 97
27 52
77 78
27 74
52 66
69 84
28 38
12 75
64 71
55 62
56 66
47 53
8 42
2 53
20 93
67 85
40 93
24 100
1 7
1 33
3 70
47 91
74 93
51 54
67 70
14 54
9 61
31 37
52 53
32 82
34 78
24 90
24 56
10 43
6 52
56 100
30 71
62 95
9 72
44 92
77 90
2 7
60 94
2 96
38 87
66 96
79 82
23 81
85 92
50 63
62 76
19 45
33 59
76 96
58 83
71 83
81 87
16 23
30 92
62 67
17 95
14 89
52 96
44 61
74 96
48 90
70 99
56 91
16 73
55 82
31 41
3 62
21 57
4 12
37 68
12 48
61 85
51 96
7 97
58 96
30 74
6 85
75 91
23 57
18 75
30 55
49 85
44 54
65 67
33 87
66 74
58 82
5 17
71 74
59 82
74 98
66 89
40 88
23 55
34 89
2 69
2 50
78 96
60 95
34 75
11 77
51 100
4 97
2 34
59 83
65 78
85 89
92 98
7 82
8 93
20 58
58 59
4 26
21 58
32 71
2 71
29 96
72 74
61 91
63 98
70 79
71 80
50 75
33 76
11 32
70 100
67 70
19 95
19 64
21 76
27 86
74 89
69 82
8 26
8 30
11 12
65 87
46 49
70 81
39 48
59 84
28 51
89 99
46 62
15 89
70 96
68 93
68 74
53 63
6 49
68 100
49 82
6 85
7 11
81 87
47 72
48 59
85 94
52 82
25 62
27 52
42 80
67 90
37 94
46 76
42 78
67 70
4 27
31 77
29 87
16 57
15 66
78 84
8 22
53 62
38 67
21 86
32 77
8 74
11 76
28 72
3 48
2 55
51 97
8 48
28 90
24 91
77 86
50 77
1 26
26 98
19 48
34 55
55 56
61 98
4 95
68 84
24 86
12 62
27 72
63 64
60 74
46 99
47 76
27 68
7 43
48 56
22 72
15 57
59 83
80 95
14 76
19 71
59 94
10 62
34 71
17 95
40 95
48 78
12 71
93 97
12 83
63 77
4 30
14 57
32 59
10 28
3 86
44 73
58 61
3 69
41 95
18 59
60 65
20 86
24 51
70 81
42 93
88 89
59 96
4 87
9 51
49 59
12 49
11 21
41 99
59 64
6 97
22 87
1 12
79 86
70 96
46 73
62 72
33 57
43 81
11 32
6 47
70 97
77 96
62 95
8 85
1 4
52 59
86 95
81 87
1 75
4 60
11 68
51 93
93 96
47 93
3 75
6 69
51 66
8 60
4 76
10 88
30 34
63 95
49 95
53 71
3 72
58 67
68 73
68 89
30 64
23 44
56 63
21 78
50 80
86 99
63 64
60 81
74 78
42 98
97 98
68 76
2 57
14 38
60 86
42 98
16 33
3 96
3 85
50 63
4 84
11 83
11 77
32 82
14 66
72 77
58 82
31 100
36 53
16 83
49 84
41 49
24 44
58 80
49 76
59 65
23 30
7 30
54 72
52 81
58 69
7 67
34 96
11 84
59 84
50 64
63 93
11 62
5 66
53 66
60 63
20 85
75 97
14 73
28 65
15 22
40 98
34 72
49 55
35 65
51 75
75 88
4 38
3 75
4 65
1 54
21 71
66 89
36 59
67 82
68 74
14 71
2 73
70 73
44 50
87 89
15 86
1 66
50 85
70 73
46 81
23 61
10 95
65 78
75 97
7 30
5 27
11 38
53 80
52 91
6 77
5 7
10 67
58 76
41 79
38 92
87 97
48 92
66 67
3 43
20 62
88 93
5 25
66 81
40 80
88 99
20 36
24 64
70 87
25 61
72 76
60 95
30 100
48 62
24 36
67 83
38 93
40 95
49 58
1 40
51 63
23 83
64 100
16 49
78 94
8 59
14 99
51 76
21 59
4 75
19 39
71 77
32 95
55 69
37 42
8 38
15 82
81 94
39 80
34 74
55 75
50 68
15 18
8 86
28 94
30 86
60 72
25 72
4 13
23 46
17 20
67 88
2 72
63 67
4 43
7 44
25 96
69 72
54 79
4 65
15 55
7 9
72 77
21 88
32 72
60 64
49 60
5 67
51 59
37 68
79 90
11 44
46 98
48 83
39 43
71 73
28 51
66 86
9 95
35 83
56 57
11 69
16 20
32 42
12 61
62 70
28 57
60 84
59 100
52 62
2 22
37 59
49 87
47 66
46 89
57 89
8 84
1 79
84 95
73 80
69 72
22 42
32 53
60 75
38 54
69 88
19 50
33 83
69 95
87 97
10 42
14 93
96 99
36 49
3 45
58 80
52 85
58 75
17 53
13 80
42 51
71 98
80 91
39 100
75 92
45 91
40 97
3 66
10 70
46 84
66 92
42 67
66 71
8 62
3 11
9 30
6 59
42 56
10 42
48 71
75 88
40 81
29 62
4 29
40 78
42 79
71 87
62 66
6 21
20 33
85 93
79 92
69 84
16 83
3 99
58 92
12 73
31 94
7 21
19 86
9 52
5 15
31 41
71 80
51 99
4 89
47 98
47 71
29 41
59 60
78 97
65 77
24 68
49 65
77 81
27 40
60 68
3 19
67 90
63 65
7 79
67 81
40 73
37 46
36 38
61 94
35 91
35 89
84 89
10 64
17 52
73 82
78 93
21 84
73 88
98 100
53 82
41 78
40 79
36 63
45 85
9 99
33 74
25 96
42 61
63 75
58 67
17 78
26 36
61 71
39 87
15 93
22 99
71 99
6 45
43 62
16 47
43 48
47 96
6 29
36 74
72 100
20 94
3 72
14 52
38 48
88 98
22 24
70 80
55 96
49 58
6 28
17 59
94 98
15 39
72 88
22 65
59 94
12 45
77 98
12 89
43 50
43 74
14 44
93 100
72 90
11 24
20 83
26 93
13 74
24 26
48 84
10 60
70 73
4 13
6 38
12 65
11 75
72 94
65 82
88 97
48 60
43 69
54 76
34 93
40 73
88 91
52 87
68 74
19 74
4 77
77 98
8 93
71 82
14 95
64 77
57 77
28 77
18 71
23 47
45 62
52 57
19 60
7 11
12 93
9 86
55 80
19 50
62 99
69 71
73 75
39 45
45 93
88 96
95 97
44 57
10 45
47 93
61 84
1 81
27 67
59 88
37 80
95 97
52 91
20 87
16 55
1 64
69 90
47 75
5 80
20 84
24 46
27 98
15 75
40 93
2 84
14 80
18 67
59 74
82 87
84 93
27 30
1 74
45 71
55 94
41 91
76 86
81 92
65 76
31 82
80 93
8 49
57 92
28 45
91 98
2 77
13 75
2 59
73 98
78 91
56 91
71 87
51 100
60 74
62 82
23 60
61 69
18 48
71 95
32 62
65 89
28 45
72 79
33 66
56 73
25 92
78 97
71 78
82 83
72 96
16 20
15 33
76 86
34 76
4 20
2 62
32 59
8 49
36 59
19 74
70 74
61 68
1 99
79 84
37 54
37 63
18 87
59 79
16 75
9 53
13 27
35 36
19 58
71 88
3 4
62 80
43 53
53 59
15 32
