38
23 59
36 73
11 23
17 25
44 47
5 73
28 71
41 57
11 22
30 47
14 55
23 51
50 85
17 31
40 61
23 43
20 38
38 62
32 45
22 74
18 49
36 90
41 75
8 32
33 48
2 9
60 71
17 49
5 48
61 92
42 50
58 65
40 46
28 32
38 61
34 39
35 44
31 67
47 64
25 53
2 55
5 38
4 38
16 72
12 29
5 7
11 49
29 31
36 57
2 39
46 51
3 26
4 52
8 38
61 71
3 73
44 48
37 46
6 42
4 58
11 75
43 56
43 73
42 49
16 47
31 53
38 39
40 83
60 68
15 31
27 52
24 42
39 55
42 53
54 57
37 40
39 55
2 57
7 44
60 67
50 58
30 44
15 28
17 32
37 45
24 80
32 56
38 45
19 23
31 52
8 24
30 58
20 77
20 28
14 22
35 84
66 75
30 48
18 71
25 46
32 95
2 39
27 42
23 26
54 61
50 78
61 74
19 28
31 60
16 74
44 58
8 70
14 46
39 64
1 55
35 56
16 69
46 51
1 69
38 44
53 60
15 16
28 61
46 51
42 50
7 55
8 20
13 25
10 62
42 45
38 41
24 48
20 75
41 51
12 43
16 42
53 60
20 28
37 50
64 81
42 73
36 49
2 36
33 35
23 37
35 49
33 50
24 63
26 100
2 10
69 74
41 53
36 45
46 54
5 13
13 17
25 74
32 58
53 60
14 27
55 71
16 55
8 67
28 39
34 56
22 73
43 60
16 53
40 67
6 33
3 6
1 28
50 66
1 77
45 90
18 38
65 68
24 35
8 38
23 25
7 36
62 83
32 66
25 46
37 40
4 77
22 42
1 34
28 98
56 58
21 42
28 54
9 75
24 32
1 36
28 53
16 45
31 48
38 79
20 32
33 41
45 68
24 40
2 20
22 39
43 58
26 40
53 59
18 26
6 32
25 60
60 63
47 55
25 53
79 84
6 39
26 30
22 45
33 55
21 52
32 50
7 23
32 74
48 80
15 29
48 86
7 74
30 50
36 69
47 69
13 40
8 40
34 36
43 59
54 60
36 51
30 62
6 26
32 48
46 73
55 79
4 76
52 86
11 42
2 34
13 73
35 49
61 85
18 53
33 67
16 45
29 55
15 53
27 44
38 66
21 35
42 69
25 33
38 39
29 53
15 67
14 42
38 47
13 27
28 44
9 22
33 73
37 56
53 79
5 44
42 96
22 39
35 41
28 54
5 59
37 81
17 70
39 69
40 53
21 26
39 40
17 48
17 22
9 81
15 40
25 40
38 76
45 70
51 66
33 93
12 70
38 70
25 88
29 69
4 47
71 92
51 64
15 22
33 57
38 48
40 68
32 57
17 43
30 78
42 62
9 33
8 34
41 70
39 72
9 42
33 74
7 40
43 62
25 37
30 53
46 56
45 49
11 32
32 69
7 16
58 68
44 65
16 32
53 69
31 42
34 70
46 70
41 48
35 47
32 59
34 46
10 60
18 27
28 61
24 42
14 65
38 54
23 35
5 62
52 65
18 25
29 38
42 64
10 40
9 28
13 34
45 83
14 38
38 78
31 61
33 57
1 46
33 50
12 15
7 68
58 64
27 38
55 57
1 53
20 43
40 75
5 24
9 56
1 4
52 73
42 57
11 27
18 62
66 71
47 80
56 60
23 37
49 69
13 40
40 45
44 94
41 77
47 58
44 48
74 79
32 52
3 47
28 48
32 38
24 28
23 55
23 59
57 86
1 17
5 52
2 58
14 17
34 74
17 47
23 55
10 76
44 69
19 69
26 51
21 34
11 68
53 60
4 15
29 57
38 69
1 23
4 42
17 52
23 50
10 30
17 21
40 50
28 36
8 63
34 71
41 58
15 46
26 36
66 75
36 52
20 49
6 12
30 88
67 72
15 60
19 64
48 72
60 86
12 53
11 40
15 88
12 75
20 50
15 37
43 78
43 65
27 54
51 57
13 41
43 46
25 52
11 28
10 35
18 20
7 60
6 26
21 38
14 27
21 22
16 17
50 62
27 59
33 56
32 34
31 61
33 63
1 25
38 47
4 69
15 44
20 38
30 65
12 41
34 45
35 36
2 50
40 66
32 41
44 61
30 39
22 70
56 65
39 67
2 74
41 44
36 75
36 92
31 76
22 71
37 39
8 65
54 78
15 48
15 83
18 24
29 45
7 44
19 29
24 53
29 32
11 48
10 36
45 53
45 54
8 59
29 49
21 60
21 44
9 19
32 50
36 53
27 29
34 38
27 61
38 39
5 51
26 31
27 42
2 34
14 32
25 60
2 55
19 23
32 35
10 24
42 57
27 70
51 54
34 38
43 44
13 32
21 43
20 36
29 44
8 44
33 39
37 76
33 60
54 63
52 59
39 58
17 63
30 43
12 69
14 41
24 66
14 42
54 61
36 56
1 49
24 43
32 45
42 47
45 55
7 43
8 61
10 27
25 31
28 76
7 49
56 69
28 48
15 21
25 62
42 55
62 82
35 66
18 21
52 53
29 38
49 84
36 83
8 40
42 50
38 60
17 52
33 62
27 52
33 42
60 76
39 69
15 63
52 64
18 33
21 74
2 39
23 37
38 42
43 54
26 40
30 68
51 53
32 64
13 25
80 81
23 28
13 36
1 37
2 35
10 40
38 51
8 32
31 47
28 34
27 47
16 18
29 64
59 72
15 26
28 36
40 42
35 68
37 51
76 82
4 36
32 75
44 93
31 34
3 33
8 28
28 50
17 34
4 39
16 41
38 57
48 49
18 38
27 52
8 83
18 26
30 40
46 62
7 27
77 99
39 56
33 41
37 53
18 36
22 49
4 46
28 80
15 43
42 53
4 34
44 45
18 41
45 58
11 55
53 81
3 29
32 41
23 57
44 59
8 33
21 33
11 34
2 55
47 53
27 66
50 59
38 66
51 70
46 51
40 55
26 48
14 17
42 55
53 54
32 47
17 30
47 57
16 47
2 21
1 17
38 71
8 25
46 65
72 85
15 56
3 29
10 67
69 70
38 65
53 69
40 47
45 70
7 38
3 8
6 27
40 45
11 36
13 32
35 57
18 48
41 59
27 46
33 41
36 55
18 32
38 91
18 58
25 39
44 55
24 89
18 53
36 42
21 28
44 81
28 50
20 68
34 70
62 63
40 67
6 67
26 74
33 81
29 54
28 51
5 33
8 95
23 35
29 52
36 58
7 17
42 81
23 83
41 52
21 62
52 64
15 25
14 23
21 59
27 28
49 57
47 54
51 69
13 21
53 73
33 63
9 34
36 45
28 72
51 73
18 46
20 39
55 62
48 50
23 47
7 33
47 53
2 13
10 54
21 37
21 53
36 54
38 70
4 21
75 85
12 20
24 72
46 62
41 53
38 84
23 35
38 62
2 65
42 68
50 57
29 33
16 60
40 59
5 70
9 49
16 72
20 26
29 55
22 57
29 37
11 24
36 45
4 34
19 26
61 90
53 56
48 51
26 34
39 71
53 65
10 61
11 60
10 24
27 46
22 31
43 58
34 49
11 63
10 52
42 78
16 50
6 18
5 20
28 61
23 35
55 76
6 27
38 58
41 59
55 73
34 57
44 60
12 29
11 44
29 68
7 67
13 73
8 57
20 60
7 8
24 36
29 73
16 71
31 68
9 50
17 80
45 47
42 66
24 60
53 54
28 45
11 42
23 25
14 57
26 43
15 63
60 90
38 46
18 26
74 84
20 48
69 73
51 66
34 94
1 46
47 48
23 47
10 17
19 35
43 45
21 63
45 68
24 69
10 34
18 33
47 56
59 68
21 49
26 79
32 39
51 67
52 58
20 48
48 78
36 42
29 51
20 79
22 61
29 45
64 74
63 87
2 51
23 52
55 56
48 54
32 42
39 70
39 78
31 72
11 50
13 22
26 37
6 18
31 35
41 45
46 74
5 48
25 30
14 58
58 66
9 65
24 42
22 53
16 36
3 56
16 48
28 64
37 58
35 36
8 77
10 30
58 76
49 64
28 74
53 78
4 33
23 74
34 51
16 66
65 82
21 96
29 44
31 63
45 53
8 57
43 47
40 47
25 64
30 34
33 38
43 95
23 81
8 58
21 42
5 28
29 75
4 18
55 74
34 43
30 37
29 74
13 26
12 38
25 48
2 7
24 74
52 62
21 39
12 30
23 51
3 41
26 43
46 48
10 82
16 25
7 44
32 53
36 37
13 17
9 62
45 65
41 46
11 28
15 35
6 64
22 27
44 48
27 35
32 50
41 49
11 38
29 30
5 22
37 38
20 72
39 41
7 35
30 36
42 43
15 35
45 58
21 57
46 52
21 42
1 41
27 29
62 65
29 72
19 73
25 53
67 86
18 26
2 79
6 29
33 35
26 38
59 62
51 67
40 59
7 45
37 56
6 34
32 75
19 50
15 44
26 39
37 77
31 51
32 63
2 7
21 60
48 58
21 45
20 48
17 58
46 54
16 29
32 43
25 68
33 49
27 56
46 50
11 45
5 19
38 66
16 22
33 58
20 65
28 41
40 56
28 48
65 79
41 68
26 46
8 30
31 38
2 10
2 59
59 71
55 56
23 26
64 72
27 43
34 59
30 46
7 28
21 39
37 44
38 57
72 84
57 59
24 48
17 42
12 69
41 47
32 44
24 53
13 48
36 58
31 44
4 53
23 33
20 50
44 70
23 46
33 56
27 51
1 81
24 34
33 70
25 47
40 42
44 96
28 60
2 56
16 52
20 21
51 53
8 48
15 21
15 51
22 30
33 55
17 48
11 44
57 69
56 67
23 30
43 65
14 85
12 38
16 30
24 74
24 70
6 40
13 36
15 56
36 70
16 79
24 41
35 52
23 60
43 47
55 78
35 59
43 60
61 72
5 69
6 64
39 43
35 39
35 51
53 59
44 60
33 93
26 47
28 55
21 58
6 55
35 85
16 63
7 49
58 74
84 97
37 61
27 49
10 15
45 79
7 18
53 54
16 20
50 86
21 40
46 66
35 71
32 33
15 47
26 74
15 39
19 23
46 60
16 47
23 58
36 49
4 25
35 70
12 25
35 45
4 40
58 82
3 36
32 45
50 55
11 29
37 84
53 56
8 48
31 58
15 48
13 64
4 73
16 31
45 76
47 62
57 64
53 69
42 47
42 60
26 52
18 72
4 13
35 68
11 49
9 35
24 28
23 24
11 63
20 52
8 56
63 69
19 52
1 13
2 28
6 37
29 60
26 66
48 64
50 56
38 55
59 63
12 45
9 53
47 60
35 47
12 62
22 39
21 92
10 17
25 31
31 96
50 56
27 54
38 62
30 44
37 57
27 35
30 36
9 30
3 21
48 63
27 85
4 32
8 55
16 84
13 66
10 14
39 87
5 37
3 27
12 50
20 31
8 24
47 66
18 31
34 50
23 59
11 20
18 40
13 36
26 72
48 67
8 50
27 72
51 65
30 44
4 15
2 34
28 47
35 56
17 57
32 73
26 52
34 45
32 45
4 28
17 25
47 63
10 43
7 72
1 22
18 30
1 24
17 77
16 45
29 41
55 59
26 54
29 53
50 59
34 64
32 59
16 38
25 65
45 93
13 27
29 94
61 66
66 73
21 39
26 68
25 39
8 34
17 53
2 31
32 57
23 29
46 56
50 61
7 51
15 71
11 26
9 63
16 36
6 37
4 52
42 48
29 34
29 77
11 26
22 35
11 31
32 63
28 52
60 99
64 69
39 41
35 48
22 34
47 51
29 41
12 15
31 60
21 48
6 41
20 56
25 62
42 79
37 69
47 67
12 35
59 74
38 60
9 47
7 31
14 46
21 30
62 83
14 64
40 49
21 38
41 52
16 45
37 62
28 29
51 57
28 69
20 42
21 56
27 32
19 74
5 32
64 84
9 37
33 55
24 44
34 77
2 59
23 27
26 46
2 42
32 43
17 44
22 24
8 35
6 49
24 42
2 46
7 58
22 23
32 59
12 71
46 68
24 51
19 52
26 60
28 55
8 44
20 57
22 69
7 62
11 36
23 63
2 10
4 20
30 54
46 52
25 28
52 54
60 78
16 64
36 59
34 49
32 54
65 72
20 27
21 58
16 33
56 65
1 9
25 42
29 64
27 59
29 56
25 46
13 41
13 24
28 47
17 22
34 43
31 66
8 73
2 60
49 55
20 21
27 32
27 42
20 32
27 60
19 20
1 44
29 35
62 67
42 63
21 42
8 26
1 17
30 40
6 14
37 59
21 37
43 57
46 57
12 50
27 41
17 44
49 65
79 88
43 55
4 50
7 49
33 58
10 34
25 41
35 48
67 69
32 42
46 81
18 43
17 52
27 33
16 32
4 31
55 66
51 58
30 39
20 56
51 71
44 50
34 77
5 24
66 67
34 64
57 62
51 63
11 64
1 38
40 54
32 47
17 59
36 39
27 81
14 52
1 30
24 62
43 62
21 41
28 56
32 61
5 7
18 58
30 38
22 39
1 44
31 53
18 64
32 39
39 41
12 43
7 43
10 36
36 47
31 42
3 34
21 44
19 37
27 29
38 51
40 56
31 73
2 66
12 74
25 61
22 66
51 70
50 69
25 93
12 44
18 43
10 51
35 65
8 67
1 62
18 31
11 32
30 48
8 78
17 75
20 67
53 57
27 45
45 57
19 38
49 87
27 40
4 22
39 64
27 34
22 46
25 43
14 42
2 10
41 49
31 67
20 25
30 79
33 50
11 50
17 50
2 72
44 78
4 39
15 18
7 52
31 45
8 17
8 12
13 77
34 67
47 72
53 70
28 34
18 29
28 62
16 28
50 61
18 28
18 46
45 57
22 36
23 34
41 54
27 58
45 55
1 39
57 60
1 66
31 71
28 40
2 16
27 30
43 46
13 45
12 54
18 24
21 71
62 77
15 31
11 29
41 77
6 26
10 26
3 33
18 39
49 79
39 41
7 60
43 77
17 36
1 12
44 66
44 46
26 36
29 61
37 50
45 46
29 40
42 63
32 53
1 17
38 41
15 20
16 31
36 43
69 80
21 39
21 33
26 61
2 22
50 74
26 51
2 49
26 29
37 60
41 49
41 60
35 61
14 17
15 80
42 77
42 76
20 78
3 22
27 58
14 73
12 64
26 47
1 10
50 80
52 58
36 43
59 66
27 49
16 73
29 36
29 71
7 43
61 67
29 85
14 44
24 26
24 54
32 52
3 33
19 21
21 36
12 28
17 34
18 53
32 62
37 66
45 48
20 47
18 63
54 62
30 38
35 44
43 94
17 39
15 37
43 69
25 35
33 36
17 85
18 27
36 46
6 18
32 55
29 84
16 30
32 34
13 36
11 42
6 31
38 76
51 81
9 34
53 81
47 58
26 46
39 42
58 59
40 49
14 33
29 63
49 62
28 42
25 83
12 65
33 53
9 33
45 55
71 88
12 23
28 45
36 82
34 66
1 45
34 72
40 51
32 87
14 45
20 52
7 17
43 58
30 41
18 63
53 68
4 33
35 65
15 39
29 38
10 50
2 19
54 57
47 48
20 29
14 42
7 20
38 70
35 57
15 19
30 37
27 30
16 28
28 33
16 19
15 31
13 26
35 40
39 58
1 35
32 55
7 26
30 50
41 79
4 20
58 64
36 44
33 59
57 70
13 26
8 22
49 80
10 23
25 27
9 50
15 74
28 34
12 42
20 81
33 53
4 28
46 81
49 58
7 28
37 55
9 54
46 71
77 78
29 33
2 39
18 19
17 62
21 42
28 34
40 73
16 44
3 73
18 61
26 42
36 87
24 33
28 33
28 33
33 72
6 32
17 32
42 52
38 39
43 47
16 17
34 76
30 47
16 73
4 62
39 53
14 34
39 54
14 68
9 28
33 60
20 65
4 18
37 51
56 58
15 26
27 39
29 60
3 19
31 38
35 62
44 46
9 37
22 62
31 61
35 51
7 41
15 37
29 50
43 56
31 36
9 63
23 51
7 20
33 78
24 39
18 48
44 57
42 69
25 36
4 31
26 29
32 41
3 23
44 47
30 86
43 80
12 26
4 51
42 54
33 42
32 34
25 37
10 41
39 42
7 43
22 54
30 57
39 56
19 30
27 34
64 72
40 42
23 57
39 51
44 50
59 70
24 36
4 20
33 69
23 32
2 33
3 49
54 56
3 47
40 63
14 36
63 87
19 31
2 61
6 27
20 34
67 78
1 26
63 79
48 65
36 39
16 34
15 45
37 42
13 36
1 46
2 64
1 67
33 52
26 27
51 65
1 63
5 37
41 70
17 39
20 29
35 56
16 44
48 50
22 48
13 54
24 53
65 70
21 41
39 84
7 26
19 35
23 43
31 56
54 57
8 58
1 53
23 53
12 36
40 66
33 54
16 46
1 50
7 52
37 49
19 60
26 66
64 72
44 75
6 53
7 36
1 65
1 74
4 61
51 61
10 38
41 63
27 46
16 32
43 46
67 74
32 90
49 68
41 47
43 52
45 63
2 56
9 47
2 50
48 51
22 85
7 46
62 96
33 50
4 38
15 58
14 19
22 65
34 53
11 12
9 28
35 39
42 43
23 46
3 67
31 35
1 11
39 42
24 57
37 42
44 57
32 87
9 12
40 48
26 76
46 58
38 56
43 75
4 57
30 59
41 57
5 51
14 21
12 51
32 71
44 57
35 56
19 50
5 43
28 59
38 58
27 38
31 49
36 56
17 59
5 13
15 23
13 49
48 50
56 68
34 44
7 46
13 41
12 53
38 46
7 15
48 77
27 40
32 44
45 48
14 52
2 33
36 52
32 35
42 50
9 15
20 28
3 25
28 53
4 58
33 36
38 39
43 57
19 61
14 15
32 53
45 64
40 55
18 44
57 86
29 34
13 51
34 47
18 28
36 40
7 38
31 57
21 49
22 83
7 24
5 53
2 18
50 58
12 44
25 38
16 28
27 50
37 53
20 38
45 46
20 72
1 53
5 28
30 67
18 39
25 48
26 66
36 58
8 42
4 44
33 37
30 36
55 62
20 28
38 46
39 69
7 52
41 69
27 39
23 47
36 73
44 92
5 17
46 52
32 42
25 30
30 73
29 74
39 63
33 35
17 50
64 71
9 65
14 33
37 70
31 61
27 33
11 19
22 62
37 68
48 51
27 37
8 36
29 54
44 72
13 40
46 56
55 67
48 51
15 35
19 63
23 42
28 68
1 42
3 71
5 24
5 29
43 70
24 33
47 49
43 76
35 48
2 36
23 56
28 36
43 54
63 71
30 61
35 60
11 12
25 45
20 41
27 66
21 59
7 35
43 49
26 66
36 54
12 97
25 41
10 21
3 36
1 32
27 36
33 36
17 35
37 51
17 32
13 31
1 46
31 40
33 38
8 39
14 43
16 55
24 47
38 45
1 15
58 62
13 21
45 68
34 39
61 83
25 38
3 43
21 50
36 48
48 64
13 51
41 85
25 73
49 56
2 54
51 57
41 93
26 35
8 45
5 28
31 39
38 64
1 53
29 54
31 67
40 57
26 81
10 72
14 72
52 56
23 34
51 57
11 71
39 42
36 58
45 47
11 24
43 45
12 21
55 69
19 81
29 64
19 55
40 48
24 39
19 44
27 64
18 20
56 60
34 51
3 28
13 37
31 33
36 42
16 63
7 50
24 52
4 44
44 45
21 60
1 20
9 32
19 40
40 50
31 74
33 66
25 52
15 61
2 76
62 69
15 34
17 24
1 27
20 68
29 32
28 56
53 62
18 69
40 61
22 58
53 78
26 45
7 27
17 57
31 33
48 67
63 75
17 59
2 14
36 48
46 67
22 65
13 49
41 83
14 40
18 67
34 46
13 55
6 35
30 41
25 51
1 5
39 50
47 57
34 53
58 80
29 50
40 56
26 43
7 52
15 49
28 61
57 62
18 37
17 50
33 40
48 57
3 49
29 39
11 40
25 41
43 46
74 81
3 46
55 68
44 47
45 50
29 58
21 29
13 40
24 43
15 29
3 82
5 37
12 15
14 52
20 58
43 73
51 58
1 23
36 40
17 38
17 40
41 60
60 63
13 83
13 67
33 53
31 38
41 42
31 47
3 41
9 63
11 41
20 39
26 38
51 52
16 40
32 36
52 68
41 52
41 62
26 67
42 48
21 30
12 34
9 47
56 72
48 49
42 69
33 51
38 71
25 73
21 35
20 48
28 32
34 44
9 74
20 60
57 72
38 50
40 49
16 20
26 38
37 48
26 72
30 42
50 54
34 57
45 50
13 17
8 83
23 39
27 54
4 21
48 65
24 34
18 49
14 32
49 50
3 25
35 58
31 55
36 57
11 53
40 85
33 44
37 54
4 22
19 34
38 40
16 48
42 58
27 50
53 55
33 50
10 81
41 70
37 51
30 48
34 41
30 32
32 41
31 50
15 42
17 40
18 56
42 46
10 37
23 26
36 56
23 44
7 40
52 71
39 49
11 72
13 38
17 28
39 60
30 63
22 24
40 65
34 64
13 25
3 38
54 88
29 42
20 23
2 18
44 65
11 55
25 47
24 58
38 50
7 48
33 43
34 44
37 69
52 59
63 69
36 74
18 50
14 71
23 36
22 23
25 57
7 38
1 68
43 60
3 35
7 76
13 16
16 25
14 44
2 47
26 38
62 64
65 68
17 94
6 35
18 28
23 63
27 61
44 63
20 24
34 43
9 42
54 56
46 53
14 68
37 62
2 40
64 81
20 40
2 29
45 52
6 45
32 75
42 53
7 10
32 81
41 94
16 30
26 44
33 81
33 35
6 32
53 58
48 75
38 44
59 61
22 40
6 67
11 24
50 63
21 50
45 56
36 64
29 53
26 39
4 45
40 43
28 62
28 41
1 60
18 23
40 67
10 66
25 85
33 51
50 59
4 10
1 78
44 52
1 39
37 76
39 92
62 84
39 59
21 61
39 57
21 44
48 81
42 61
4 59
12 20
14 27
67 74
27 73
27 78
31 83
6 82
28 29
39 78
33 35
68 75
25 74
12 54
33 41
13 41
21 63
17 47
16 42
46 73
62 82
19 51
36 39
1 39
43 46
25 67
41 43
10 73
43 97
12 31
19 32
30 36
7 43
8 22
8 55
17 36
7 54
6 30
6 64
29 63
28 42
7 24
4 47
32 64
21 36
65 69
52 58
7 25
36 37
34 52
37 50
48 52
20 30
24 47
39 86
9 21
84 85
23 33
63 66
18 19
29 43
12 44
42 53
49 69
36 65
9 26
57 60
20 28
31 32
47 93
34 42
1 34
51 70
2 35
43 65
47 51
46 57
4 26
4 27
15 37
27 56
29 38
21 56
2 18
5 60
24 39
34 47
10 15
4 34
19 59
8 49
10 16
57 84
23 24
29 57
8 45
22 40
27 39
46 54
47 50
40 52
33 84
53 58
37 66
67 80
31 48
40 59
13 35
18 33
4 17
40 68
61 71
46 53
39 47
41 86
34 40
17 47
35 41
29 96
24 35
7 38
15 17
33 45
16 50
56 57
4 58
2 58
47 80
59 71
16 25
33 49
28 42
21 53
2 39
1 49
17 39
35 69
46 61
6 39
33 51
47 55
2 37
15 26
14 75
21 22
52 59
1 33
60 71
31 48
10 37
4 43
38 51
30 70
17 30
3 32
25 31
25 65
21 42
18 39
7 57
19 33
3 57
25 53
25 26
22 56
14 31
4 41
50 63
29 40
58 63
4 34
41 66
49 55
7 24
22 30
23 31
24 78
20 53
5 41
46 49
43 46
4 34
7 36
5 6
20 83
34 35
54 94
37 73
60 63
12 33
41 45
38 41
16 69
1 41
49 51
37 44
17 27
48 74
23 70
10 97
11 61
11 54
44 76
12 69
28 43
43 86
2 24
48 87
33 46
20 60
14 15
17 73
13 27
33 49
28 41
25 31
60 72
43 74
24 26
44 60
10 39
20 60
47 66
33 44
35 60
28 43
22 39
44 89
4 22
42 66
73 85
3 63
55 59
67 72
4 39
21 60
28 30
53 67
4 7
22 65
31 52
24 54
27 58
38 42
21 33
1 21
30 69
33 76
14 49
32 93
25 48
13 53
35 66
51 57
21 22
33 59
20 41
37 70
4 42
26 34
34 41
27 42
21 66
63 87
25 56
43 96
32 52
50 67
28 74
48 62
10 63
23 26
20 43
14 61
32 61
20 24
22 24
22 55
8 11
18 41
20 57
23 34
32 64
67 77
37 59
30 66
15 57
42 73
8 24
21 32
23 34
24 42
21 52
32 46
19 38
28 73
35 41
55 86
65 72
27 32
6 32
57 88
34 66
5 55
32 42
35 53
42 66
29 67
40 47
15 29
27 60
31 44
30 75
4 50
5 46
20 56
4 68
47 48
15 39
33 47
51 69
32 47
45 57
50 65
15 65
7 30
16 56
53 54
38 67
17 29
14 31
42 51
15 59
52 61
23 58
1 55
33 35
20 29
33 55
15 74
27 85
8 32
21 30
20 64
48 51
26 61
23 29
59 67
42 69
11 49
62 82
26 35
67 77
13 46
7 33
9 22
33 35
3 25
10 43
19 62
15 51
48 55
28 52
41 43
16 77
1 55
63 70
43 60
15 24
20 58
30 65
35 40
9 28
36 37
24 51
56 75
1 26
24 31
38 62
43 77
22 46
40 58
10 49
1 3
30 58
3 11
26 80
4 51
39 69
27 38
37 42
80 82
24 37
15 31
14 48
18 48
33 49
22 34
26 51
54 63
22 27
16 20
22 32
1 62
19 52
7 78
15 30
5 52
45 72
46 62
23 34
6 23
39 41
29 71
43 45
35 60
42 50
35 90
13 28
39 50
10 29
33 52
17 32
18 30
59 73
24 45
20 36
47 53
33 44
32 75
34 52
18 59
28 77
47 49
38 69
11 31
3 12
31 57
70 76
28 83
47 59
49 79
34 50
35 65
12 29
8 47
37 87
23 28
14 34
23 64
53 61
1 34
6 46
19 92
25 69
8 20
18 27
36 56
34 43
4 25
17 45
53 57
21 78
43 58
16 44
36 57
48 64
66 80
6 79
54 73
34 48
8 48
5 78
13 61
16 85
13 20
11 46
4 14
37 39
62 86
2 93
50 93
1 42
24 36
3 85
15 58
44 62
5 49
30 44
35 48
41 56
22 50
25 42
19 51
1 16
26 85
15 61
5 10
7 32
47 68
30 59
43 86
34 35
41 51
45 54
25 89
46 51
56 67
42 75
8 13
23 27
22 64
30 32
16 22
24 47
39 60
33 45
27 59
39 44
35 41
35 39
23 50
34 60
23 49
9 54
14 73
12 41
24 32
45 78
6 42
62 94
12 62
39 65
4 13
16 55
30 80
18 37
9 34
39 76
40 48
25 34
8 39
36 47
43 51
4 25
11 78
24 60
53 70
18 19
4 18
29 44
48 51
56 61
36 60
30 56
60 71
8 19
53 58
9 34
20 48
4 48
29 55
6 49
57 65
48 52
34 72
45 69
14 30
22 53
6 61
34 60
6 57
13 54
37 48
20 41
30 52
12 47
33 63
11 30
28 60
8 28
26 38
28 41
38 44
1 67
7 52
10 46
28 49
27 54
18 27
24 67
39 84
26 34
25 83
18 22
7 35
41 47
34 67
39 50
43 55
41 49
6 28
28 63
42 62
47 51
16 22
17 72
14 76
34 59
61 75
51 64
30 38
29 30
45 63
11 49
10 26
31 51
41 59
31 45
4 19
5 36
5 52
22 43
12 59
58 66
34 80
31 55
16 52
3 38
40 46
9 73
39 49
48 49
29 36
31 72
14 37
33 57
49 65
37 51
19 38
36 49
18 49
13 53
55 67
17 56
14 57
48 49
54 73
24 28
25 84
35 36
14 69
50 71
39 52
52 60
23 54
38 42
24 44
68 84
22 52
13 27
40 51
42 61
28 62
38 70
37 67
24 74
15 20
17 30
27 45
5 54
34 48
49 84
49 56
48 61
67 76
10 58
32 50
39 60
7 38
26 67
3 30
19 41
19 68
53 54
43 57
27 49
35 95
9 45
31 61
21 83
43 65
20 28
6 53
28 29
17 33
42 55
19 55
48 59
36 40
20 32
36 70
36 79
10 37
28 30
15 49
2 17
12 66
9 16
17 24
11 42
32 62
16 41
17 34
56 74
25 45
31 35
9 50
18 54
6 47
46 69
59 73
38 51
4 46
16 31
7 34
17 45
48 49
43 78
45 66
37 64
40 66
19 31
28 46
3 48
35 36
1 54
53 54
45 54
29 35
5 48
34 51
17 31
21 43
29 32
8 46
35 75
53 75
38 60
40 51
40 49
6 61
15 39
6 13
54 72
17 90
48 63
19 24
42 65
60 65
10 80
3 10
24 41
12 23
39 45
9 66
33 51
47 51
50 84
20 61
9 37
47 82
20 63
21 24
19 62
11 82
4 58
51 56
37 53
38 48
39 40
29 68
23 27
20 55
44 47
44 64
34 51
33 59
38 46
32 68
29 57
5 46
38 47
45 53
20 26
17 74
57 61
14 62
34 55
33 86
4 48
50 56
50 69
24 59
56 76
15 68
16 39
33 55
47 70
3 4
31 62
72 76
35 38
33 37
31 37
41 83
30 62
33 69
3 55
20 63
14 25
32 50
1 67
34 38
18 56
30 69
9 10
18 37
11 18
25 68
14 78
32 58
21 49
29 41
20 49
24 27
30 31
11 71
47 49
16 43
11 40
54 67
24 54
13 67
10 41
43 69
58 64
34 48
62 63
12 16
3 45
1 57
56 57
14 68
15 35
40 54
13 21
44 58
27 33
32 76
13 46
8 42
37 72
13 30
36 81
33 61
17 18
29 49
23 31
11 49
22 34
14 30
22 35
17 44
1 54
2 50
21 63
22 24
18 34
53 66
26 51
35 63
36 87
16 69
32 98
28 29
1 66
12 94
26 27
35 59
6 48
16 68
47 62
36 42
17 55
77 82
58 82
27 49
50 64
24 71
31 47
24 35
2 85
9 25
48 50
45 79
40 59
9 59
35 56
46 66
42 70
8 68
52 54
52 66
25 75
20 30
15 70
31 45
32 61
18 49
15 59
43 63
7 39
31 47
34 38
1 12
12 15
29 66
31 56
11 30
12 38
4 14
8 50
55 76
28 43
30 47
11 18
4 17
45 47
9 46
26 38
15 47
29 57
23 65
25 38
4 45
26 35
38 59
15 59
36 56
3 33
34 43
47 48
3 21
50 59
42 58
8 50
49 56
21 36
25 57
6 34
28 62
63 67
27 49
38 54
20 54
40 71
40 67
9 21
14 23
27 40
17 59
46 73
62 77
28 71
24 28
10 22
36 70
28 43
30 58
40 44
19 83
4 77
31 57
30 39
27 31
40 50
58 83
3 16
11 74
1 40
6 16
29 91
44 61
28 63
26 27
12 45
6 52
37 40
21 59
26 31
13 24
43 69
32 82
5 71
21 51
20 57
16 23
21 28
67 83
9 51
47 55
30 51
37 48
17 59
44 63
22 39
14 19
17 55
30 42
10 24
51 63
50 54
52 53
16 17
32 42
28 99
21 37
22 24
41 47
11 83
20 39
44 52
20 65
52 68
58 88
43 48
7 54
37 66
10 43
21 34
27 98
68 69
26 47
35 76
53 58
39 48
1 46
41 50
32 42
33 49
20 40
30 91
21 52
22 41
52 58
54 66
14 54
52 73
26 50
32 60
50 95
6 37
38 70
31 50
5 43
18 20
38 40
34 65
19 57
41 46
52 54
36 61
44 81
67 70
20 83
33 40
32 42
52 65
24 39
54 70
39 45
9 28
28 67
14 27
38 61
50 60
6 19
34 45
17 39
41 84
16 67
16 48
19 42
12 34
1 50
26 58
29 31
6 28
69 83
30 33
40 85
52 57
3 41
61 78
41 74
17 60
21 23
41 60
60 72
6 68
23 41
27 43
2 35
8 33
34 51
9 27
27 51
3 57
13 30
33 49
43 59
13 39
23 33
29 55
40 68
43 66
2 18
8 17
50 74
18 26
38 39
39 45
2 60
46 53
31 55
28 84
56 88
46 62
22 52
32 43
30 66
15 41
11 38
15 28
27 33
23 37
52 79
35 36
66 92
15 38
47 52
33 73
20 56
26 63
51 86
10 14
20 39
31 43
30 58
34 54
58 78
29 49
29 81
43 46
15 36
11 47
31 32
1 31
8 35
21 39
5 39
33 77
15 29
16 83
60 67
36 100
26 41
32 59
49 52
13 20
37 71
43 46
21 47
32 43
8 31
16 43
8 53
3 39
3 7
39 47
15 54
7 60
19 83
11 47
26 49
4 67
6 33
24 71
18 57
13 26
39 45
50 97
10 52
22 75
25 41
20 33
4 57
23 38
19 47
1 40
2 24
5 7
40 41
66 70
12 52
47 94
42 46
35 53
28 44
42 44
6 25
9 45
2 40
21 58
37 50
23 38
10 31
41 86
22 65
3 16
33 53
9 77
10 47
20 36
39 49
11 19
47 53
57 81
9 15
16 38
46 47
24 26
3 26
6 64
20 82
19 38
6 54
13 36
47 53
14 41
2 41
13 64
20 36
13 27
26 53
64 75
4 54
34 55
16 51
39 46
42 56
10 39
26 28
32 58
34 36
35 67
43 45
32 56
18 82
31 55
41 46
20 68
25 37
53 74
39 48
27 68
27 66
43 52
12 41
26 49
14 60
31 53
13 55
20 49
33 39
9 10
30 31
38 56
14 43
10 51
33 48
16 37
37 55
54 57
40 66
15 36
30 45
53 61
31 35
20 45
38 49
17 65
20 35
11 27
24 59
31 71
19 33
48 79
51 81
32 41
28 38
10 16
41 60
5 30
7 46
49 62
25 54
58 64
34 47
27 58
24 58
22 46
33 46
50 88
50 96
12 66
17 47
40 71
54 67
3 8
31 74
13 56
50 64
37 46
5 28
48 53
27 48
24 76
6 52
7 17
33 54
2 37
43 44
61 81
37 54
32 62
42 56
39 46
39 54
28 44
43 46
10 67
13 35
7 66
29 80
22 68
48 54
26 38
51 65
41 47
24 51
32 41
19 22
32 47
23 44
44 83
2 26
42 53
41 100
9 55
23 29
25 74
21 38
64 77
44 53
14 54
32 34
34 76
44 81
6 10
19 34
65 71
34 43
3 62
3 37
33 55
30 77
32 59
38 44
6 15
10 55
47 55
26 68
27 41
15 58
29 46
36 46
31 75
66 68
46 48
13 51
21 39
53 66
27 58
24 66
10 22
2 50
22 48
28 70
6 48
29 48
63 80
4 7
43 45
79 81
22 53
16 70
18 25
19 40
62 63
19 35
55 71
22 73
13 19
10 28
45 51
39 73
23 33
3 33
17 58
29 65
9 26
24 26
52 54
48 77
10 14
55 62
8 68
56 74
30 50
45 60
30 32
32 53
14 33
51 57
18 64
33 46
18 51
9 59
37 77
27 60
30 55
2 36
53 68
39 75
31 35
26 29
13 48
40 63
21 33
29 45
30 34
12 32
11 33
1 67
35 55
39 56
26 35
30 81
18 24
25 35
23 25
57 76
31 36
63 75
1 10
19 43
51 60
24 40
13 47
39 77
33 42
20 39
33 37
53 59
8 15
51 62
45 72
35 47
40 43
30 38
35 63
5 40
30 56
8 48
41 42
34 46
27 60
2 41
31 84
12 65
10 30
49 73
51 76
72 94
29 32
48 53
14 43
7 41
15 39
39 77
6 51
11 42
32 91
10 65
9 48
39 74
30 35
12 61
31 87
2 8
13 42
65 74
46 53
19 59
25 40
26 62
31 54
13 58
10 23
32 45
29 49
34 60
51 64
61 64
28 60
9 15
41 51
5 62
43 89
23 50
8 58
11 40
18 38
40 43
28 38
44 89
33 58
1 43
13 38
7 23
20 71
3 24
13 33
34 48
40 71
12 41
8 46
12 51
7 33
72 76
25 63
36 42
41 55
24 59
42 79
17 24
24 56
