61
52 85
22 92
52 89
3 20
76 82
3 15
73 100
33 77
41 97
3 97
16 18
45 86
17 82
23 62
36 40
6 26
25 98
49 96
97 98
11 89
14 59
18 37
25 74
1 90
45 93
69 89
11 74
8 64
12 80
81 89
78 94
29 51
4 85
64 89
89 94
63 99
1 76
72 93
34 73
21 60
14 82
58 85
5 21
79 92
20 67
16 31
77 86
87 97
3 59
76 95
2 99
83 97
26 50
14 57
50 80
69 80
65 96
57 85
10 75
4 84
30 71
29 73
55 56
2 75
12 42
12 97
1 75
79 99
60 90
15 70
8 99
8 92
34 83
10 18
2 89
4 70
7 75
5 94
82 95
15 74
3 93
48 66
18 73
10 26
13 66
56 92
3 72
5 91
75 82
2 80
12 91
69 81
22 31
70 86
70 88
30 80
17 87
48 70
5 7
25 99
10 80
23 25
3 99
65 71
35 99
81 89
53 95
4 71
12 70
6 16
6 96
73 93
2 9
59 97
13 94
4 70
62 89
10 71
25 100
12 34
2 92
62 75
8 76
14 90
26 94
5 69
98 100
15 28
3 98
10 86
29 42
90 96
71 96
10 25
15 45
5 37
13 19
9 10
19 85
80 95
64 95
10 61
3 12
3 34
21 83
9 69
9 30
12 59
53 87
29 42
18 56
88 99
86 99
29 54
83 87
8 14
63 93
2 79
3 97
27 92
5 54
75 79
22 54
1 65
79 93
21 97
31 58
15 37
38 84
8 60
5 93
20 96
63 86
67 73
71 86
26 54
9 11
82 86
82 84
75 83
78 94
67 79
9 21
31 62
12 65
21 24
29 93
76 78
2 95
21 54
37 69
63 98
55 92
27 63
6 37
16 37
41 75
7 88
8 48
77 94
39 71
4 67
9 95
22 87
35 54
4 88
2 30
75 81
15 85
22 93
7 92
3 70
16 87
80 90
37 92
53 92
4 8
28 40
58 97
56 92
37 87
32 39
7 95
2 22
2 63
71 88
24 67
1 94
92 99
96 99
46 78
10 92
46 76
22 26
11 67
29 95
18 77
57 96
53 79
23 93
8 77
10 64
80 99
80 92
53 89
11 78
6 96
1 69
91 93
9 99
44 51
17 31
13 34
3 6
22 95
3 53
2 3
75 93
31 62
33 77
44 86
18 97
36 63
23 97
17 45
47 97
83 91
34 81
27 61
10 87
5 7
58 74
7 38
64 67
19 75
82 96
58 79
2 67
12 16
85 98
12 60
82 99
18 50
30 76
5 64
14 63
56 100
88 90
11 91
37 88
6 99
29 76
92 94
3 68
36 56
12 85
29 98
41 81
4 36
4 77
16 66
53 92
14 90
4 92
9 64
38 93
18 79
10 61
81 84
64 67
2 4
42 94
27 66
10 92
12 72
77 81
5 28
74 82
42 86
68 70
10 14
18 38
77 96
27 81
3 14
3 63
25 80
70 88
41 94
87 97
75 85
48 75
8 64
1 7
61 75
7 41
4 20
65 85
65 86
67 95
12 91
1 8
8 84
91 98
7 82
17 47
1 89
65 92
2 62
91 92
25 100
65 80
14 41
1 69
6 16
53 90
32 76
60 74
51 95
77 93
55 81
5 98
29 79
24 97
15 55
19 95
18 70
8 69
23 62
40 57
18 96
19 23
53 84
11 73
57 74
50 64
8 48
71 82
37 62
1 28
30 83
50 68
24 67
52 82
34 84
8 18
96 97
82 98
17 85
18 93
51 66
56 96
26 91
13 79
50 91
6 81
31 99
22 79
50 69
8 57
7 18
82 87
61 87
5 23
7 75
40 92
37 70
6 39
10 68
65 74
7 8
7 25
10 37
65 73
17 29
35 77
25 81
12 22
37 78
3 96
74 84
17 91
3 31
6 7
9 59
77 78
59 88
46 90
3 4
92 97
11 12
13 51
24 72
1 27
47 91
82 96
74 98
22 81
11 100
95 97
74 75
51 89
90 98
11 18
67 76
19 74
79 84
13 26
80 85
55 88
71 84
4 100
68 77
6 55
15 89
24 86
9 30
4 64
2 62
16 28
31 39
1 22
50 95
37 74
13 61
91 99
56 98
19 23
53 91
82 90
76 93
8 82
44 76
3 82
9 72
32 38
7 54
15 43
19 85
2 83
61 70
13 17
16 92
1 65
74 85
31 93
22 46
12 15
8 16
69 77
2 76
92 100
75 98
13 25
83 98
2 87
33 61
31 79
4 28
14 92
40 97
13 68
90 99
44 87
91 96
48 84
3 50
1 20
79 96
2 14
16 31
70 74
73 76
44 93
2 31
24 79
17 98
91 96
3 98
13 43
7 79
12 87
1 75
61 83
22 61
24 95
57 98
35 37
65 83
52 93
7 41
70 86
84 98
2 86
6 99
11 87
11 72
10 32
96 97
73 98
4 86
91 94
51 53
11 15
47 88
86 93
82 99
3 90
87 88
78 97
3 90
5 57
18 83
7 87
33 89
43 96
15 41
24 26
26 69
9 77
15 61
19 92
26 62
90 96
84 97
84 88
30 91
20 72
12 94
83 97
65 82
21 96
1 53
78 95
7 77
19 100
21 75
53 81
19 23
82 94
13 72
21 83
11 82
67 79
12 41
1 84
2 45
28 93
3 63
62 69
40 96
69 71
14 15
31 47
7 45
36 89
24 98
16 95
26 67
5 66
5 32
67 98
10 75
21 87
56 70
8 99
6 51
13 20
48 82
91 97
57 84
75 92
14 90
3 9
3 95
16 74
63 64
91 96
1 41
10 49
20 32
74 98
46 89
19 20
10 29
74 87
9 15
69 84
91 97
12 64
4 28
26 49
70 72
52 91
21 99
10 65
12 93
25 90
19 54
13 53
81 95
2 80
52 73
8 50
17 88
27 29
23 73
89 92
7 8
54 82
56 92
2 42
6 96
75 87
13 50
70 80
22 64
78 97
75 93
2 88
21 63
27 82
92 97
55 60
12 98
74 86
13 89
52 97
97 98
1 9
38 39
3 96
9 65
2 3
7 99
17 51
75 79
19 89
77 95
78 85
89 96
3 15
1 17
17 76
19 33
43 63
24 95
13 21
86 94
28 58
23 30
31 73
9 23
52 98
82 83
19 22
13 16
22 83
83 96
5 63
13 71
7 88
5 86
1 69
21 66
1 70
66 80
84 90
12 67
16 51
85 99
4 85
16 17
98 99
14 70
9 87
4 85
34 63
83 85
14 88
68 88
53 80
13 31
2 80
5 71
39 40
64 90
71 95
11 83
78 82
2 31
18 79
25 96
34 60
61 83
73 83
1 43
38 80
10 95
20 98
23 51
5 89
79 80
60 96
11 78
11 23
74 76
13 19
41 97
68 81
86 89
6 23
87 94
59 89
3 58
60 68
21 87
16 56
6 97
82 90
22 92
5 57
20 76
39 78
18 66
6 95
13 99
6 19
21 78
50 74
53 82
57 87
40 54
4 29
60 81
48 61
9 98
88 93
66 90
10 15
16 68
75 80
30 88
5 18
74 93
4 73
66 82
31 88
70 93
78 89
6 81
7 86
58 92
43 97
10 83
13 97
20 36
12 90
66 100
61 100
8 93
7 15
1 96
2 8
13 93
63 81
65 89
38 90
17 92
15 64
51 73
83 95
6 92
28 88
13 82
2 88
29 67
76 87
7 51
6 16
3 88
4 60
8 87
14 83
18 19
21 100
7 18
8 94
13 20
10 52
79 96
21 61
11 85
4 23
34 100
73 82
81 100
5 87
57 99
22 80
26 75
11 88
57 96
82 98
9 81
15 74
34 46
12 79
77 79
10 73
40 93
58 69
65 93
23 82
2 97
51 87
95 96
42 90
94 96
81 89
50 91
19 81
14 79
11 66
7 95
64 79
14 56
36 56
64 66
49 87
47 67
34 96
9 92
12 88
10 11
59 83
29 80
21 73
7 13
58 95
26 92
5 60
9 56
39 77
5 19
9 24
65 82
62 69
5 92
16 72
13 37
21 35
49 74
2 75
81 97
59 93
88 89
42 92
13 72
10 95
5 56
29 71
34 38
12 42
78 99
8 22
2 63
43 93
84 94
1 68
74 79
41 91
60 85
21 25
20 66
2 15
20 22
16 98
29 46
51 87
23 31
8 83
62 90
50 89
37 66
44 91
18 67
74 91
40 90
10 33
60 63
18 66
91 96
3 71
68 98
68 92
12 69
7 64
18 97
29 75
63 86
59 92
84 85
70 86
33 86
38 51
70 86
1 9
58 63
22 100
4 87
24 30
2 57
15 85
4 23
19 74
25 63
4 5
17 68
26 97
53 76
14 94
25 77
26 49
5 79
7 22
14 67
25 64
5 31
3 5
18 92
18 90
17 53
6 38
13 99
34 78
85 97
2 63
26 30
65 84
3 24
61 85
13 87
1 73
95 99
27 81
17 52
69 75
19 21
3 28
75 83
7 96
3 46
34 91
20 84
7 20
25 33
7 73
72 81
72 74
30 57
58 76
4 78
43 92
10 39
18 97
10 77
3 98
19 77
55 85
63 90
57 87
2 62
10 87
17 64
14 66
4 72
21 94
11 52
7 92
1 97
32 72
56 58
69 95
9 95
89 93
20 35
11 16
83 99
98 99
79 81
71 81
19 92
63 66
6 11
69 92
27 81
71 95
72 88
24 80
13 73
5 64
4 68
17 90
93 95
5 14
49 91
5 26
12 85
14 93
4 28
11 72
62 94
32 35
79 81
4 88
2 3
10 53
16 90
20 97
9 92
48 100
83 90
24 77
88 98
3 99
4 32
42 89
15 85
65 99
3 53
20 89
46 74
27 85
22 91
78 83
60 88
81 89
46 100
1 27
5 75
84 92
14 99
15 89
1 93
9 96
36 74
30 77
18 91
81 90
8 93
16 75
8 57
4 15
89 95
14 99
8 14
21 30
22 81
24 72
68 91
14 95
15 88
15 61
8 99
67 78
15 33
11 24
2 8
16 58
2 36
10 66
8 78
52 83
69 92
9 60
32 91
75 92
34 97
15 37
29 76
85 92
6 61
71 83
8 88
23 54
1 82
17 65
3 14
15 37
21 79
77 87
52 97
22 99
1 69
54 70
83 89
14 48
7 90
6 81
15 27
32 79
80 91
40 76
18 98
38 86
71 84
67 98
5 19
27 64
90 100
6 29
6 72
1 90
77 95
6 28
27 94
33 35
21 88
65 93
93 96
3 90
6 92
1 11
9 58
9 66
89 96
25 75
54 97
9 25
34 47
3 11
19 33
65 95
41 98
46 59
38 85
81 89
66 98
67 95
15 92
83 97
34 79
17 87
21 72
6 78
15 96
7 94
9 16
65 79
50 62
7 20
7 52
60 90
12 97
88 96
5 70
1 83
9 67
19 89
52 82
95 97
22 59
88 90
34 63
13 86
90 93
62 85
46 97
65 88
26 45
16 82
8 75
57 72
33 55
72 76
61 86
37 100
36 87
4 27
91 97
11 97
5 7
63 79
85 99
26 99
64 86
6 83
23 25
65 97
56 67
67 87
4 30
2 67
3 61
1 13
33 78
43 89
24 95
3 99
78 82
47 54
12 73
28 39
57 99
6 49
29 50
17 90
32 88
45 80
31 89
46 69
57 88
4 18
33 97
1 74
12 78
35 97
17 84
70 74
26 36
21 26
12 83
7 35
15 80
2 35
89 92
43 87
69 76
6 11
50 86
32 96
73 90
4 71
43 95
6 11
49 89
23 69
45 69
7 65
4 45
5 45
64 81
31 80
4 68
85 93
57 65
31 96
77 99
34 83
7 90
45 82
1 7
37 80
1 9
5 17
65 76
88 89
18 95
6 89
10 71
8 57
29 91
92 98
2 21
91 97
64 86
5 6
9 84
33 73
79 89
4 13
88 99
30 68
38 49
10 14
26 69
18 31
4 96
12 85
9 24
39 89
71 74
87 90
29 83
83 86
4 18
57 86
83 91
63 85
1 24
15 88
1 2
30 31
5 73
18 30
25 52
17 90
19 99
27 64
9 98
26 80
92 96
23 24
15 54
5 88
21 27
43 98
66 96
18 76
61 62
9 70
12 87
17 73
53 89
5 20
30 92
62 90
1 16
95 99
44 73
13 76
7 9
21 81
12 97
1 79
11 44
11 23
13 75
19 81
12 81
1 16
25 92
1 80
81 87
33 56
11 88
26 68
24 96
4 99
20 29
6 28
65 98
10 14
6 35
71 81
65 80
16 81
2 3
4 91
67 98
72 73
2 4
68 81
77 80
51 56
68 76
43 61
14 26
91 100
37 78
4 85
82 99
82 100
76 79
52 81
27 96
4 25
52 87
44 72
7 98
19 41
80 83
5 58
24 82
43 84
74 93
7 75
10 90
84 95
45 74
75 92
10 23
60 67
78 88
73 86
89 93
89 99
54 80
65 90
13 42
82 90
1 33
60 78
41 69
10 14
25 98
27 32
8 53
18 85
67 81
28 82
35 83
7 78
6 76
3 98
62 82
5 67
1 14
50 79
9 13
86 95
50 90
26 96
96 98
9 73
8 31
75 83
6 28
1 98
24 39
53 86
55 74
90 94
6 8
27 94
6 42
61 87
5 77
2 10
1 85
4 89
63 97
11 90
3 79
11 26
35 99
21 86
23 34
8 17
34 95
31 40
88 94
77 94
61 69
77 93
20 80
76 89
74 96
3 71
7 16
35 50
29 33
29 78
21 38
96 99
89 93
8 87
50 98
45 62
73 87
36 68
86 96
30 98
91 92
87 96
66 92
74 93
2 7
13 81
1 97
55 93
34 93
8 95
22 66
78 83
16 74
17 82
21 36
77 80
38 66
82 98
33 40
28 69
21 91
5 89
58 79
21 67
16 46
52 80
25 92
11 49
3 66
24 75
51 99
76 92
39 51
3 84
78 80
10 15
84 99
76 85
4 79
4 85
9 72
16 88
26 91
65 97
37 42
82 89
73 89
6 28
5 80
31 69
14 63
44 56
23 57
23 76
78 94
5 72
28 83
6 31
6 92
87 90
42 90
4 10
30 97
88 100
49 70
3 77
5 73
51 62
84 92
75 84
15 48
3 52
74 89
8 90
31 88
17 85
3 80
11 26
60 75
6 13
7 19
10 23
19 53
23 47
68 94
32 77
11 92
15 79
59 67
15 29
77 80
58 92
6 32
16 93
35 72
68 87
56 89
16 29
23 72
48 62
35 98
19 86
25 27
2 77
69 98
61 83
10 84
83 93
16 39
46 60
43 89
13 94
7 20
42 78
54 95
17 76
15 31
65 68
19 97
66 76
52 86
68 79
8 11
4 87
15 92
5 85
14 32
16 27
51 87
85 99
7 96
21 42
4 70
5 31
44 70
5 99
50 81
43 48
68 95
1 83
6 88
86 92
13 99
10 84
72 80
74 77
24 78
6 99
17 42
90 94
7 96
41 89
11 82
29 87
11 72
23 31
90 91
16 91
74 80
14 38
1 8
29 61
43 77
35 64
24 46
18 98
12 45
49 87
25 77
21 89
38 88
17 87
27 79
13 96
60 65
3 61
18 19
14 62
8 67
33 80
2 4
18 80
7 26
75 89
24 82
8 26
83 85
74 84
48 81
4 8
28 87
82 98
75 93
56 58
89 95
28 72
31 85
3 82
55 58
21 80
79 89
65 92
9 83
6 23
59 90
11 91
7 88
94 96
76 91
4 84
20 79
12 98
1 14
7 32
13 18
13 77
1 66
13 81
6 85
57 90
45 85
41 88
68 71
3 5
69 70
1 3
7 89
55 93
21 84
9 10
1 78
83 86
48 62
72 81
14 77
61 70
25 54
92 97
73 86
2 99
92 98
17 77
64 83
9 62
83 99
57 67
43 95
10 81
12 50
41 83
25 65
44 86
11 84
2 86
41 69
28 96
79 87
91 92
6 66
16 98
81 86
26 94
80 84
8 95
8 11
14 16
16 91
13 79
21 92
7 74
35 55
60 83
78 95
84 90
23 76
78 98
64 97
5 53
1 92
1 64
6 63
5 29
92 96
17 25
22 55
4 95
53 57
19 82
11 39
29 77
7 13
15 37
83 93
12 82
35 95
67 97
14 100
54 63
11 76
79 85
46 84
6 25
68 88
87 88
10 83
32 88
55 95
10 30
7 50
59 90
62 74
5 11
2 91
1 76
64 80
70 89
9 63
50 64
18 59
88 89
3 6
76 91
12 59
65 82
5 31
86 90
75 91
77 81
21 75
12 23
56 90
38 95
23 77
75 76
54 86
37 46
38 58
62 73
66 82
81 82
21 95
5 97
98 99
43 76
28 81
6 72
13 58
29 33
29 80
18 81
48 80
53 76
67 90
4 64
1 5
1 86
9 97
16 58
87 93
47 78
4 98
78 80
86 89
59 63
15 100
15 95
17 92
11 49
54 74
4 13
77 80
41 85
90 92
16 17
61 96
10 89
97 98
33 88
19 39
2 96
1 56
16 87
75 76
7 20
7 43
67 69
23 96
13 79
65 88
70 77
53 77
2 65
70 96
11 90
20 26
22 69
58 96
73 96
75 94
23 79
4 13
80 92
90 91
65 99
68 99
11 68
15 33
3 59
57 64
26 94
8 85
2 81
1 8
65 96
11 39
5 18
65 86
67 96
77 92
5 7
75 89
70 75
29 32
98 99
38 93
44 68
15 79
57 65
3 44
68 93
26 34
36 69
69 76
18 44
10 74
79 99
56 66
8 66
14 84
57 95
23 93
62 92
69 77
68 73
63 94
38 75
40 85
31 99
53 82
65 97
2 13
91 93
94 99
70 84
17 84
49 97
77 81
73 76
3 7
64 82
20 53
35 59
42 66
79 83
72 83
19 91
65 85
16 17
5 23
60 83
30 97
58 89
34 47
64 89
13 22
22 100
1 22
70 84
12 41
8 18
21 41
20 56
59 88
46 75
3 72
17 84
8 9
81 82
61 70
63 91
13 78
32 33
16 70
29 85
75 96
60 99
10 52
18 74
1 87
38 76
87 95
35 68
25 66
2 98
12 87
18 71
78 94
42 80
70 77
20 55
68 82
3 24
88 92
20 26
18 90
71 99
30 87
2 26
78 86
26 78
2 37
1 36
75 89
25 48
62 93
56 90
19 83
11 85
56 71
10 14
84 86
1 88
1 91
9 13
42 82
2 81
9 20
17 40
21 78
8 93
21 98
1 6
31 84
11 17
37 100
18 86
58 93
15 50
22 94
14 83
14 96
10 77
50 92
17 38
89 98
75 95
46 86
38 83
14 51
72 93
9 75
31 100
5 35
31 94
14 74
26 34
16 44
93 98
1 56
58 79
49 94
3 28
15 92
5 96
7 60
2 86
1 16
16 96
9 79
82 86
2 5
59 71
6 74
50 90
15 81
89 90
58 83
81 95
78 90
62 89
58 74
15 79
35 54
11 79
76 94
47 59
29 89
58 74
77 88
44 100
10 27
20 70
83 91
4 90
14 19
1 11
9 77
17 59
34 73
80 87
1 2
38 53
4 87
15 35
17 55
32 89
19 96
28 57
4 80
23 90
18 95
19 94
90 95
33 81
6 97
69 94
17 91
80 99
20 78
63 99
57 94
85 87
12 33
36 92
21 92
4 68
35 88
78 96
8 74
65 80
8 73
4 6
73 89
22 87
17 95
10 80
8 85
1 14
6 33
16 25
88 93
82 96
10 91
56 84
10 14
7 33
26 93
28 78
45 64
5 67
48 64
84 88
5 6
19 74
3 91
76 88
59 74
11 74
23 67
87 95
4 88
38 88
44 53
31 99
16 57
32 82
4 42
10 74
69 81
77 100
31 87
11 84
72 77
77 90
64 93
5 28
20 87
14 68
1 69
10 20
15 88
57 73
6 86
69 99
84 85
2 95
19 97
6 9
4 77
3 79
17 58
71 84
72 83
15 34
4 82
47 86
56 82
57 74
37 71
14 50
23 48
11 18
19 92
67 100
40 91
7 90
79 87
6 86
58 72
54 74
14 31
25 88
8 44
26 64
22 89
15 58
2 36
32 76
2 5
58 81
79 81
8 99
51 67
34 83
14 15
82 83
14 26
29 78
26 70
89 95
74 95
20 49
81 94
67 72
6 27
2 93
10 37
80 97
8 83
6 95
13 72
13 71
39 41
24 36
77 95
6 65
6 18
79 89
60 91
3 89
80 94
4 40
74 98
48 63
63 79
55 96
16 95
35 57
4 91
2 98
17 84
30 60
19 20
1 29
8 9
4 13
22 97
5 72
19 82
18 85
1 10
3 19
70 89
81 97
49 57
8 55
22 70
6 81
85 99
50 74
7 96
66 80
4 16
31 64
8 22
22 35
59 67
87 98
62 87
26 93
10 54
6 95
63 94
1 63
97 99
10 61
23 73
76 85
73 83
3 54
68 78
34 82
4 92
79 90
10 95
12 20
6 74
61 85
18 67
15 27
38 49
6 60
79 87
7 40
15 80
17 64
85 87
81 90
29 86
1 3
9 94
33 82
9 34
5 20
11 94
15 19
18 63
73 88
61 75
8 72
95 98
65 92
9 57
21 44
11 44
6 77
51 76
20 81
76 92
15 98
8 81
87 97
7 30
48 98
17 84
1 12
82 91
49 53
56 62
10 78
43 61
31 93
24 25
92 95
56 90
5 77
22 73
48 87
17 20
86 88
1 8
2 100
79 90
46 75
14 85
91 99
1 21
68 78
86 94
22 95
84 96
68 81
3 8
80 82
1 8
47 76
84 95
83 88
16 94
12 56
23 83
56 69
1 85
82 100
43 87
79 99
6 98
16 62
86 89
1 91
7 60
29 99
3 99
3 84
52 94
6 85
71 93
17 56
11 81
84 98
80 95
3 6
23 41
96 99
6 99
32 90
3 63
80 87
18 59
9 81
75 78
1 19
25 77
98 99
61 98
85 86
56 72
32 78
85 87
16 95
24 86
3 75
8 91
21 70
4 13
4 95
86 89
9 90
15 80
12 79
19 38
89 94
29 77
20 74
60 98
47 97
7 74
3 6
72 94
11 69
62 78
78 91
72 80
5 13
90 91
15 93
33 45
16 57
81 89
52 93
6 39
8 69
44 52
1 29
8 24
24 26
79 87
58 63
17 46
3 83
20 63
3 44
58 100
5 24
48 61
45 61
55 91
24 76
54 98
76 82
10 82
89 93
69 98
6 83
83 95
62 99
5 93
4 5
15 25
3 84
23 40
19 29
6 67
21 26
15 76
3 10
72 77
5 95
24 46
68 98
20 99
67 96
27 37
34 72
1 8
45 92
65 75
11 46
90 98
40 96
8 98
7 10
20 76
23 46
12 91
9 44
86 99
40 78
85 92
56 80
3 37
14 86
10 92
33 95
87 93
32 96
49 52
16 57
85 98
4 54
29 70
13 15
23 85
4 84
47 71
2 5
39 90
69 95
2 14
20 93
62 96
13 22
4 11
12 64
1 93
69 90
71 86
35 100
73 96
26 74
31 54
59 92
22 91
1 19
51 75
17 90
11 36
40 85
5 93
15 71
27 91
3 30
24 98
5 92
98 100
21 47
11 70
49 69
47 82
58 95
82 98
57 98
54 92
12 28
1 88
9 34
2 81
74 90
16 83
13 24
34 97
5 73
9 69
11 76
25 88
75 82
74 100
57 97
9 85
26 94
38 75
14 86
58 84
22 79
76 84
15 26
37 87
35 78
12 94
6 97
47 86
3 94
81 92
7 100
69 89
41 43
21 32
21 68
28 58
20 100
6 65
77 92
69 96
15 97
63 98
61 87
29 99
26 99
81 98
13 83
23 24
11 74
48 86
13 20
2 94
89 97
83 98
19 100
8 31
68 72
12 93
30 57
22 91
12 13
87 90
1 16
32 64
68 99
1 69
22 46
15 71
96 97
83 96
19 97
51 79
61 67
16 77
3 12
82 85
3 93
25 59
76 82
1 38
77 85
4 66
7 74
7 67
87 97
7 92
27 75
66 98
84 90
10 68
22 83
48 88
5 47
70 98
68 91
19 43
58 63
3 87
62 94
68 80
24 84
34 83
10 39
1 15
3 78
91 95
18 31
4 67
51 75
17 77
45 66
20 71
76 89
47 77
12 16
25 94
52 86
67 83
75 90
60 87
3 5
12 76
11 57
21 96
4 14
32 93
32 95
54 92
93 98
1 20
17 87
1 8
6 92
73 91
74 75
39 74
7 68
20 94
66 92
7 27
20 73
70 93
4 14
7 14
78 98
16 51
59 71
8 16
74 89
25 98
24 100
3 12
6 22
35 83
32 94
33 89
24 78
68 71
16 84
13 95
66 93
23 91
6 15
80 91
26 54
30 92
14 90
6 87
4 78
75 90
13 79
84 99
89 90
89 91
42 88
28 74
63 85
89 98
68 72
9 64
64 96
2 64
23 32
17 76
92 98
2 16
65 89
1 11
41 57
83 92
80 92
2 14
8 23
4 30
24 86
67 85
4 30
9 71
44 95
75 90
13 77
70 87
85 92
22 95
68 73
3 10
79 86
25 90
7 88
5 73
12 88
25 97
65 77
13 82
75 78
64 81
14 50
41 77
21 91
48 96
75 97
63 69
35 90
3 55
48 86
12 37
26 81
4 96
17 48
2 97
6 22
16 18
3 22
23 98
42 89
32 99
21 51
7 8
7 39
76 82
90 92
13 84
73 76
88 99
50 86
11 78
5 77
10 48
2 87
42 66
20 74
11 63
5 94
24 31
11 70
93 97
92 96
26 66
64 94
2 21
3 41
4 90
65 91
59 79
77 89
17 72
20 96
90 94
2 92
18 86
3 76
87 97
48 50
79 80
73 78
41 63
70 95
9 13
11 85
15 18
53 96
46 82
60 87
3 5
45 95
19 90
16 90
49 76
10 62
25 87
1 65
57 92
83 86
28 33
7 21
1 87
3 80
23 29
92 94
75 98
48 94
61 97
22 83
75 89
45 77
18 34
8 72
13 51
19 68
4 16
14 58
79 84
20 98
18 94
81 97
6 66
1 47
18 80
3 61
22 94
4 77
74 96
56 76
72 76
10 84
40 76
78 79
1 27
20 70
73 92
33 63
69 78
7 92
26 61
8 62
19 22
71 96
92 96
72 91
56 88
49 85
3 41
8 16
64 71
15 44
56 87
67 99
3 63
77 89
32 95
15 89
37 93
2 81
86 100
8 58
76 100
68 87
1 64
4 83
9 19
78 90
24 61
13 16
61 78
13 37
7 88
29 77
76 83
3 5
2 38
4 69
10 96
2 85
13 64
17 86
3 49
35 39
14 78
4 18
27 79
23 50
29 95
16 88
17 68
69 91
14 59
45 88
68 70
22 98
14 61
22 97
20 82
41 69
33 78
4 96
26 95
23 51
2 68
86 89
19 95
14 23
3 75
15 88
28 82
52 71
90 93
90 93
14 19
34 81
41 68
42 60
33 85
10 36
36 73
3 80
28 89
1 81
79 82
20 87
3 88
47 81
2 31
19 30
2 93
91 92
10 29
45 69
56 65
29 76
67 96
71 83
2 17
4 95
49 71
15 95
7 96
76 85
1 9
84 89
37 99
5 86
20 90
21 83
4 71
11 83
10 69
71 96
58 86
4 22
72 95
16 57
8 22
5 65
4 91
19 93
1 80
12 82
65 85
13 52
44 82
92 98
14 80
92 94
14 21
16 26
18 87
33 87
78 84
81 82
34 73
78 80
5 22
70 89
36 96
18 65
17 67
24 61
41 80
2 86
23 80
31 63
15 40
42 99
2 44
62 87
13 95
5 17
4 74
3 80
57 93
16 96
49 81
15 98
10 87
16 98
54 80
51 99
53 93
80 85
9 86
5 97
4 17
13 86
84 94
77 85
5 11
80 94
2 76
79 93
12 42
46 67
77 99
8 65
55 82
76 93
90 99
28 71
45 58
12 92
4 17
69 86
60 88
26 89
8 74
77 99
72 91
38 97
6 72
20 52
11 12
28 68
88 96
6 8
72 88
8 85
1 96
78 95
27 48
71 82
41 61
10 66
1 65
93 98
30 77
7 72
73 90
22 72
13 21
19 77
15 31
66 100
7 93
26 55
6 20
43 94
66 84
60 95
20 55
81 94
30 57
41 50
70 71
13 98
5 22
27 99
30 56
55 86
53 79
29 44
12 63
92 99
8 21
25 54
8 93
9 75
15 76
74 76
41 82
14 28
1 5
21 67
16 28
11 28
79 96
8 68
93 98
31 33
23 34
4 82
60 97
26 53
20 85
2 7
20 74
29 47
6 80
87 97
88 97
3 68
70 91
88 98
24 79
84 89
9 24
72 88
57 89
57 61
30 99
31 96
91 97
17 100
21 91
5 11
40 63
38 60
20 94
80 96
13 92
25 53
2 68
90 91
59 62
19 72
28 96
11 13
7 97
11 86
12 84
70 94
9 78
4 57
47 69
2 32
5 82
21 65
6 7
6 38
87 91
40 77
66 70
11 36
25 95
44 83
61 80
48 65
5 77
93 100
58 88
11 28
13 73
73 97
2 92
5 88
22 54
1 99
15 80
2 83
58 89
31 92
93 96
58 97
2 59
76 82
22 94
2 70
6 72
6 96
23 98
35 90
9 74
10 63
42 47
8 57
80 89
68 95
93 98
1 75
11 96
60 99
76 80
7 29
75 96
25 42
39 60
14 99
7 30
90 98
11 93
7 9
26 31
1 49
20 56
5 13
58 76
28 78
61 62
83 87
54 93
29 78
4 57
13 16
19 87
4 18
9 81
54 95
6 64
25 83
85 99
80 96
85 87
12 26
7 45
28 58
88 93
33 98
94 100
93 96
61 71
1 15
93 94
21 86
4 95
19 76
89 94
1 71
6 69
74 95
29 86
35 55
78 91
35 88
27 36
2 28
31 80
81 91
73 91
70 85
84 96
8 69
45 89
82 87
38 75
63 89
33 43
22 58
7 77
47 79
28 54
89 100
3 81
31 32
60 73
5 36
23 79
17 68
53 82
9 46
16 49
62 82
15 37
40 74
65 95
4 89
14 52
4 85
3 74
1 68
4 6
6 82
96 98
23 99
22 27
16 86
6 21
95 99
7 59
1 86
13 95
86 99
53 86
39 65
82 93
5 74
62 95
72 86
5 12
6 60
25 52
80 93
26 83
9 90
24 97
6 72
57 97
4 83
71 93
49 68
77 89
39 74
4 80
13 33
6 75
3 88
90 97
6 69
21 84
23 63
18 33
27 81
2 31
10 88
11 71
70 93
25 36
6 7
11 90
42 91
9 100
70 77
1 39
57 96
91 92
43 90
5 87
10 27
81 93
83 95
2 23
65 94
84 96
48 88
36 60
49 92
13 80
83 92
76 97
28 71
49 89
4 74
14 98
19 62
98 100
19 55
63 86
36 37
4 70
45 93
6 86
2 88
9 44
52 64
95 96
2 95
8 18
17 84
24 60
23 97
33 61
87 93
4 16
25 99
3 90
37 98
11 18
62 72
6 99
1 67
80 86
9 75
5 96
65 98
67 68
69 98
40 77
29 82
65 89
41 54
28 96
59 84
5 9
82 98
4 49
45 81
9 80
4 61
38 86
34 84
8 81
6 71
19 33
75 95
76 91
68 91
6 90
55 84
76 91
75 80
10 34
53 98
39 62
55 82
5 27
18 32
54 75
47 92
65 80
64 68
13 25
18 91
85 86
13 93
3 19
4 18
3 83
19 37
5 14
68 75
52 79
13 94
13 96
10 40
14 81
89 96
3 94
36 64
69 92
13 57
91 97
31 42
16 79
21 78
21 26
10 80
85 88
3 96
24 97
3 93
3 55
12 60
2 34
9 30
16 93
28 68
55 97
11 95
63 65
18 60
27 62
19 85
29 92
76 85
28 98
60 88
63 100
70 79
28 80
5 12
82 98
8 43
78 80
68 76
4 89
84 93
3 82
11 76
2 13
58 82
4 63
65 81
14 92
8 79
2 100
13 85
83 85
28 83
13 51
9 65
19 76
77 99
25 53
50 94
56 80
67 100
67 91
17 21
11 95
19 65
2 25
15 81
9 68
77 98
11 23
69 87
25 51
72 84
43 60
81 83
18 30
6 15
4 82
20 94
54 78
24 59
82 99
51 64
70 91
79 87
62 63
81 84
83 87
72 89
70 96
50 89
1 3
6 68
2 38
4 79
15 72
48 96
7 40
9 76
30 99
17 18
79 86
9 24
9 53
62 76
10 93
38 67
69 90
15 22
56 94
6 39
47 89
5 11
86 88
69 98
78 83
1 24
6 14
84 98
7 15
23 35
9 27
82 89
10 73
34 97
49 75
11 92
55 78
27 80
21 87
3 9
4 64
74 84
75 91
8 13
87 90
79 87
4 19
10 25
6 54
31 64
95 96
15 53
32 85
5 95
55 81
2 92
58 81
14 81
30 80
38 73
75 88
25 95
20 92
20 54
65 75
20 65
7 96
14 78
70 97
3 60
66 83
14 62
39 95
96 99
73 85
56 88
23 80
9 85
6 20
33 73
63 71
5 89
84 86
4 12
90 97
2 54
14 94
85 88
41 86
10 91
18 99
5 100
11 75
2 65
3 94
78 95
21 79
9 88
5 96
74 98
12 35
83 85
21 71
70 91
13 74
18 94
1 54
34 53
75 96
5 26
12 68
7 72
84 97
19 80
64 86
25 42
38 72
9 66
29 79
82 87
31 92
80 87
12 64
19 98
93 99
66 72
14 81
31 77
3 16
57 79
22 61
36 82
84 89
29 44
2 15
91 96
76 91
82 97
93 95
5 89
1 27
75 79
23 94
18 95
97 100
32 67
73 82
17 20
69 82
36 84
21 84
11 85
6 77
46 83
92 96
7 69
16 58
31 89
21 87
24 81
2 90
58 63
16 95
58 66
9 100
10 41
6 76
23 63
4 63
37 91
2 5
31 98
48 66
83 96
12 81
40 98
1 94
28 52
11 64
3 54
10 91
50 93
31 91
29 78
19 86
41 52
52 86
90 97
92 93
16 60
71 77
2 15
32 35
78 99
79 90
15 58
79 94
44 73
78 98
89 91
92 99
53 84
41 55
1 94
82 87
4 83
28 95
45 65
85 96
70 88
81 87
39 86
4 82
74 79
21 93
7 73
19 90
1 3
13 54
8 91
52 62
1 24
56 72
59 74
2 34
1 92
2 70
3 100
81 95
22 91
17 77
46 93
18 45
89 94
80 92
6 98
62 66
32 81
15 73
67 84
29 86
78 87
21 56
67 69
38 93
31 96
23 51
70 93
16 68
6 33
18 22
1 12
2 18
70 95
60 97
2 81
73 77
22 95
36 95
23 96
16 96
4 17
2 81
64 94
73 87
3 95
8 15
30 33
47 88
31 86
33 80
91 95
90 98
60 80
10 50
12 98
72 94
10 12
14 96
4 34
1 77
16 81
1 92
74 90
27 95
90 94
57 79
72 98
9 48
5 79
69 96
8 75
4 79
15 94
58 71
20 76
87 94
75 78
35 41
11 70
19 93
9 79
70 96
32 82
2 45
76 86
4 95
82 96
20 99
2 95
49 96
48 63
25 83
22 47
71 95
16 68
74 98
57 94
1 4
71 75
60 74
9 78
19 72
2 99
18 36
17 32
33 98
10 34
23 90
31 68
14 76
25 88
80 95
65 77
20 54
8 82
6 86
11 80
61 82
1 59
5 36
70 99
3 97
2 3
64 96
1 90
39 88
19 83
1 62
43 80
12 89
90 91
82 99
21 37
77 88
64 74
72 90
9 26
94 98
78 92
82 91
62 81
10 27
76 80
93 99
5 86
13 98
10 86
6 93
32 81
22 64
17 82
6 67
21 85
5 35
61 95
4 6
6 60
82 98
3 48
83 100
26 54
26 72
12 65
83 90
51 70
11 27
69 73
5 46
11 18
2 83
15 80
3 53
17 96
16 44
19 91
9 56
8 89
78 84
6 37
83 90
56 63
11 65
4 21
16 99
7 84
23 29
18 46
8 21
36 69
