46
20 30
24 39
58 83
52 78
4 64
3 29
60 72
46 74
57 67
73 93
11 19
70 94
55 56
16 46
24 47
15 25
37 72
28 75
49 73
2 23
43 84
7 74
84 94
14 39
5 73
75 84
41 75
46 92
36 65
36 73
6 67
79 81
44 70
8 31
6 83
5 36
23 82
35 38
72 84
38 49
32 34
26 44
34 80
10 42
53 100
5 29
13 21
47 74
12 79
45 67
20 30
68 91
64 98
44 45
3 77
23 49
53 63
34 42
27 62
41 66
38 85
20 31
38 73
19 65
1 46
40 96
5 89
17 54
16 95
20 50
63 69
5 95
25 45
2 83
21 30
26 50
64 72
73 99
33 80
38 42
18 65
25 36
69 83
60 99
19 44
50 71
33 36
33 79
13 28
5 79
35 98
11 22
57 59
11 70
21 50
23 40
18 89
20 33
6 90
8 45
40 52
43 62
51 95
32 85
22 61
57 69
2 11
31 62
58 96
3 20
7 67
54 62
12 15
34 83
9 90
6 85
48 79
9 46
69 95
3 8
33 56
57 86
53 56
4 64
2 38
1 25
53 90
5 12
6 12
7 96
10 90
57 77
31 57
23 49
32 45
75 88
27 29
17 29
47 54
24 45
14 59
10 97
2 5
16 81
5 38
15 48
4 97
56 99
67 93
1 62
4 97
31 99
4 85
74 82
13 31
42 58
8 37
38 47
71 73
33 47
11 76
8 42
35 95
3 5
6 16
28 40
40 56
60 86
61 69
16 97
12 60
29 73
89 92
16 55
41 73
55 88
78 82
5 50
39 49
75 91
4 91
2 40
68 88
44 53
64 94
27 81
24 27
42 69
3 6
43 94
24 76
6 19
1 25
48 86
13 52
8 42
41 89
40 83
26 43
34 84
9 74
1 11
38 98
58 91
44 67
57 73
63 93
11 60
5 26
41 95
14 97
15 22
31 48
25 86
12 36
11 74
83 84
49 68
66 98
35 62
43 48
20 71
2 38
27 68
36 51
75 77
9 21
65 73
3 55
35 70
20 21
12 32
3 37
12 63
29 45
14 72
7 69
41 43
11 23
6 33
37 58
56 59
35 86
63 83
61 63
27 28
39 66
10 47
9 98
55 70
62 81
9 33
84 89
32 76
6 54
3 30
7 63
48 62
64 100
29 50
43 64
80 82
27 65
46 59
21 34
73 77
37 62
33 68
43 93
6 20
36 76
22 32
10 58
17 31
16 91
31 67
49 56
20 80
36 72
11 81
57 95
88 89
34 64
19 93
6 88
27 67
68 87
4 34
37 40
66 93
36 63
87 96
38 97
22 26
15 79
84 94
45 70
12 77
54 79
23 61
81 86
43 72
9 45
13 23
6 11
58 71
3 10
61 93
23 74
71 76
44 80
9 71
56 61
3 57
82 83
2 17
41 80
3 99
18 19
3 19
58 62
1 5
89 93
35 78
39 61
48 83
21 54
34 53
1 18
19 73
46 49
26 38
2 26
1 81
1 53
7 79
26 33
9 95
38 86
22 49
20 47
61 82
17 66
30 36
21 39
3 16
52 89
21 47
74 75
87 96
35 75
11 82
28 33
2 50
76 82
48 62
2 27
81 97
13 78
14 97
13 61
49 88
7 31
10 34
19 33
24 61
46 57
8 49
40 67
23 29
40 73
10 73
61 72
8 39
27 39
63 86
70 74
23 76
50 82
13 27
63 86
64 77
17 37
35 98
38 81
80 96
76 85
11 56
32 84
23 71
20 83
37 79
4 33
9 15
70 81
18 77
15 60
3 4
25 36
5 84
2 7
56 73
15 75
20 23
1 34
7 57
59 66
13 72
40 88
24 98
9 58
10 62
16 38
23 49
18 47
54 61
17 95
73 87
36 48
43 49
81 95
46 48
14 76
40 42
3 39
38 93
53 57
2 54
12 20
35 78
38 40
77 86
37 48
37 57
16 89
91 93
43 54
27 91
45 47
18 31
6 9
41 94
3 35
32 38
33 74
46 78
46 74
15 96
26 40
36 86
16 48
29 31
40 42
28 69
45 96
88 92
19 91
5 84
21 23
50 54
45 49
35 56
1 70
6 80
10 33
15 42
56 66
60 91
14 72
70 78
18 38
7 59
50 63
18 35
5 99
53 81
31 84
72 81
42 73
37 48
87 95
13 67
38 93
9 74
7 45
24 75
33 73
41 70
46 72
53 89
15 17
46 57
23 46
68 94
6 25
41 59
52 72
42 96
2 53
5 76
