54 58 59
63 70
46 62
16 34
61 74
58 93
46 60
46 76
50 53
40 41
68 80
2 42
58 89
46 58
79 88
63 83
15 94
63 76
27 69
31 50
42 90
24 37
53 55
43 57
35 54
54 97
52 88
44 83
26 70
69 74
1 67
64 72
61 82
37 56
85 95
45 68
41 49
79 89
28 76
69 74
52 87
38 54
21 72
77 94
42 76
49 61
22 76
71 96
7 55
30 40
49 81
57 64
23 88
4 62
55 64
49 96
48 59
63 95
5 83
34 75
75 99
20 87
38 76
20 98
26 37
22 94
36 93
69 81
42 78
28 32
37 85
12 17
48 97
47 66
36 42
38 77
7 85
70 72
52 92
74 75
30 71
38 53
17 100
15 80
53 75
39 72
32 44
40 98
23 45
44 69
69 72
32 52
52 70
43 46
63 76
30 47
63 76
23 54
88 94
41 64
37 70
59 79
54 88
50 61
41 68
5 11
9 76
37 63
38 91
19 96
51 59
18 56
29 82
63 84
41 71
33 59
61 84
11 15
33 75
21 47
81 87
33 91
31 34
82 87
69 87
62 78
64 68
37 50
41 73
1 69
46 58
10 75
55 69
62 65
33 97
31 75
41 49
65 69
64 73
28 88
22 73
52 82
27 76
36 59
50 53
39 62
25 37
47 86
33 61
50 65
33 45
48 72
70 75
37 76
19 47
71 77
73 82
26 92
36 54
66 72
2 73
46 81
62 86
19 84
76 93
49 50
31 35
45 51
57 89
51 69
52 60
68 85
58 86
31 64
43 68
13 48
50 91
64 70
32 65
38 45
68 82
32 48
62 65
25 72
16 52
37 94
26 77
72 91
51 54
6 10
19 32
65 95
72 85
18 35
40 78
73 88
61 87
36 72
49 83
69 91
68 90
69 97
9 49
26 56
64 81
85 86
22 100
50 77
70 84
63 82
53 61
64 93
31 38
32 35
33 69
76 88
37 60
46 74
28 81
35 55
62 65
44 52
3 68
38 52
64 78
41 93
74 96
29 31
70 74
36 41
81 99
65 86
20 60
57 75
37 76
71 74
37 79
58 86
45 93
47 86
27 63
44 86
24 27
47 58
10 86
49 80
39 93
63 76
43 57
75 91
30 85
25 90
50 68
64 69
21 47
1 44
51 80
86 88
30 80
44 71
52 55
45 54
91 92
68 77
9 77
52 60
12 60
61 73
51 78
40 57
44 63
39 52
43 77
35 44
56 79
32 97
47 86
53 75
66 72
28 33
49 58
64 72
36 48
48 60
59 96
15 62
58 62
67 78
3 56
37 67
49 71
41 49
18 72
27 85
58 93
54 62
59 70
3 55
11 40
46 59
72 80
1 38
62 94
6 68
74 89
73 97
5 38
79 91
37 63
25 44
30 96
3 33
54 55
3 92
17 62
51 71
39 48
73 80
17 60
37 66
53 68
44 77
66 91
50 91
26 61
54 92
56 79
22 56
57 61
56 86
9 58
58 75
35 93
12 70
7 59
49 68
32 94
22 42
62 73
33 34
21 97
73 78
55 77
68 76
37 65
38 54
25 37
7 19
6 71
1 44
28 95
32 44
60 93
32 60
55 73
45 73
25 83
1 87
50 73
47 61
17 91
33 54
37 95
24 78
15 76
49 59
31 84
58 78
53 84
27 75
19 77
4 90
44 62
71 76
32 79
52 73
7 35
69 82
11 52
31 62
73 75
84 91
42 64
60 96
50 81
66 93
43 49
30 86
86 98
24 58
57 96
58 76
49 96
20 68
45 82
80 91
59 93
53 62
44 50
52 86
78 79
30 35
37 64
21 22
53 69
41 60
46 52
47 93
31 41
51 91
30 40
51 85
66 79
13 90
38 77
45 49
47 97
21 26
4 20
82 95
27 48
69 96
67 80
61 84
46 61
3 75
4 55
54 66
44 97
59 71
29 78
46 85
32 61
42 57
73 76
8 50
52 55
71 81
57 90
43 91
37 55
21 70
68 96
25 90
74 89
40 56
44 49
47 67
51 67
16 87
33 70
10 64
67 74
56 88
61 74
46 79
54 82
36 42
45 50
14 74
65 78
87 89
4 72
24 46
71 91
30 71
45 46
57 63
57 91
15 88
60 88
22 41
38 77
57 71
25 87
40 53
62 88
45 63
54 55
18 70
5 31
30 52
57 65
1 44
12 34
55 74
54 72
74 77
34 64
67 81
40 69
41 79
23 39
48 68
68 78
66 69
51 87
23 41
63 82
59 96
80 84
