55 57
20 62
40 44
12 67
42 54
45 49
74 93
42 67
7 39
47 69
54 67
41 44
33 75
45 82
72 80
26 61
14 95
56 62
18 67
39 92
63 70
49 72
67 98
59 63
60 78
63 73
42 81
1 22
48 65
37 75
18 50
30 66
9 67
23 45
54 60
1 50
46 55
52 92
6 88
53 75
22 54
44 76
43 78
30 49
50 91
80 92
22 52
23 49
2 68
34 51
20 98
34 45
36 43
5 50
75 81
40 52
59 69
16 53
36 38
28 81
55 65
8 29
48 62
77 99
33 39
55 57
3 80
55 72
68 82
57 79
9 54
42 55
33 51
13 86
55 81
26 93
14 66
5 6
61 67
34 84
60 85
53 54
11 52
49 61
80 82
52 72
49 66
42 100
2 60
71 91
35 77
35 91
69 74
11 50
9 52
37 74
29 74
48 62
45 48
18 55
41 67
60 93
43 60
2 39
53 64
27 38
12 85
46 69
1 46
55 82
73 78
62 83
38 55
28 40
28 59
41 47
35 83
60 87
49 88
37 67
52 74
42 64
51 83
44 88
59 95
43 73
23 73
26 73
42 78
16 86
26 95
59 80
3 48
37 85
39 74
54 96
37 70
23 30
51 89
64 86
20 86
52 64
71 82
48 63
41 90
25 72
57 92
43 60
15 39
17 78
69 72
18 26
45 64
36 97
10 71
1 13
22 36
58 96
25 74
1 34
93 98
23 68
4 69
12 15
13 20
6 35
56 81
35 79
34 88
18 70
2 64
74 79
11 66
50 75
59 70
57 79
4 60
87 94
77 87
61 67
20 91
36 58
40 54
47 68
61 66
18 63
58 96
11 33
26 46
44 72
58 70
43 60
63 74
52 72
83 98
68 98
32 68
12 60
72 82
10 92
49 68
39 59
15 53
15 72
20 71
12 84
45 83
2 62
7 51
39 68
24 30
18 83
35 61
63 84
40 45
35 43
64 74
1 52
55 62
21 65
69 85
71 83
6 50
50 60
19 75
16 57
2 85
74 78
39 70
51 74
31 59
11 57
8 57
49 67
27 41
62 79
34 46
39 80
13 48
3 8
48 78
63 66
60 64
33 40
59 62
3 34
16 85
73 87
56 61
2 46
12 58
27 91
23 52
26 69
12 31
58 95
10 85
3 24
9 34
52 71
46 60
41 99
1 12
35 43
11 25
58 67
19 73
66 83
50 83
47 59
66 97
70 84
48 66
27 42
25 83
59 89
47 77
31 47
75 95
55 59
7 91
44 84
47 81
9 41
33 64
18 75
9 66
71 98
45 49
2 40
3 33
32 55
31 72
46 48
19 48
39 62
49 62
19 49
18 19
43 62
54 84
27 72
32 60
14 49
33 72
45 47
60 63
49 85
11 18
31 66
32 45
32 81
81 94
36 64
55 79
47 52
70 82
8 62
26 75
52 95
54 70
55 73
80 88
64 98
50 59
46 63
43 68
35 90
50 88
24 34
2 56
27 29
21 45
36 67
43 82
38 55
46 75
25 63
11 50
59 93
48 84
56 87
27 57
12 69
49 76
69 72
22 70
52 87
42 67
64 67
81 85
46 71
3 47
4 92
34 85
65 67
72 78
15 52
30 77
36 87
39 99
58 80
20 34
54 58
45 77
42 83
36 88
51 82
61 62
5 10
64 90
27 45
39 78
48 72
16 91
45 90
50 59
40 78
26 52
30 86
69 81
64 81
36 84
69 83
28 64
45 88
41 72
4 6
54 57
47 53
10 57
17 36
31 42
13 88
29 42
36 58
5 39
83 88
14 41
3 31
42 72
9 11
26 87
13 74
42 78
41 57
61 67
3 16
54 61
54 62
33 71
15 95
5 65
65 87
25 28
43 68
5 66
45 97
35 60
42 60
32 40
4 20
41 61
4 43
1 54
56 60
8 53
81 99
60 84
50 57
67 94
51 87
2 41
46 73
67 90
40 70
17 88
43 69
1 9
49 60
12 58
74 88
53 54
36 74
7 43
35 62
48 58
30 36
51 56
42 51
47 58
42 77
65 72
52 74
62 90
58 88
20 94
35 62
9 52
8 55
75 88
30 74
42 46
21 45
42 67
82 89
45 80
1 60
47 66
29 96
41 61
19 41
8 39
18 71
54 91
18 75
2 93
47 70
16 65
42 96
23 40
32 60
27 41
30 97
44 98
62 87
36 59
62 65
40 80
79 83
56 68
57 74
17 37
52 55
8 58
83 86
24 45
30 53
79 83
66 72
51 78
